47456 90943 50881 90943
3657
81621 92218
40514 98276
37730 93144
31901 91701
5835 92953
97518 92085
97446 94185
56473 91025
24627 97798
75075 93976
54668 98399
44303 92977
48039 93425
21519 96660
82866 99569
76380 99670
60118 92834
94359 99962
16106 94257
16979 93265
3362 97791
34649 96027
72208 94751
72707 97937
44649 92649
60737 94695
58714 92899
81393 99962
29088 98083
69282 97879
33944 90944
68992 91056
31590 95308
70991 91976
64947 93984
73262 91935
25920 98688
20898 99900
76749 99323
83392 96535
14027 97950
78175 93247
19901 97488
66843 98430
23531 98111
32178 95874
3760 92792
19597 99342
15273 96480
4335 92858
50785 97876
11914 92667
65131 95676
6938 96973
50640 95620
66792 95181
7713 92646
56930 99507
28620 98811
54873 98308
22259 99346
83012 96560
98867 96096
81052 98453
89724 98670
35230 99690
57825 95312
61403 97846
10099 98866
38933 96768
64896 94345
73594 94709
32875 91627
18500 97432
89347 91413
33711 91946
36994 97950
35930 93053
22623 98434
72971 92736
70916 91008
6286 93886
94994 97281
14273 99692
89985 99568
45722 93331
61282 93945
66390 96910
88450 94165
16351 95394
30633 91914
60169 96452
31222 94345
84597 93796
30936 91074
72764 99602
18075 97742
31425 91257
12104 91193
46872 93411
40453 98613
70005 95321
96635 97729
54403 92157
82456 94173
88589 97095
2851 92739
20451 98449
77988 97939
53586 92015
26655 99087
14867 92023
9015 99193
52049 93860
46017 99440
79545 99630
10580 93184
2675 93657
68610 92611
39814 98202
34009 95782
54855 99153
69201 96719
99130 97435
43684 97492
7445 97769
4381 94903
93057 99010
82143 96610
26038 96518
91858 97234
31951 91207
54358 96971
44786 90952
64721 96475
47715 93247
59919 91502
61658 93135
14767 98095
310 94870
14743 94497
11661 93453
90644 93325
9812 94948
81368 93776
13679 96749
64652 91874
36475 97169
39554 94751
50310 91729
25370 92485
1303 98654
57266 93633
79420 91467
79281 98832
5540 93583
58215 99964
54837 97743
94059 98302
87533 93493
7555 92251
80568 99080
75237 95084
95975 92550
91245 93571
19092 97846
40985 91049
60485 92518
57977 95783
16260 91914
69574 92358
77283 92755
67001 98656
90376 99405
26798 92527
77683 98418
84592 93694
29677 99813
53027 95307
89613 91037
31867 97917
38397 97105
32701 93639
20521 95226
84704 91681
85064 91089
10658 91876
37759 97626
58918 96878
14784 91362
67676 97304
30109 95072
63783 92377
79545 95927
86571 94582
80207 97905
44110 93426
30356 91619
61124 92242
62189 94727
14273 98935
52277 93836
51271 93472
39183 98559
16874 91412
85000 91003
33143 92633
79476 94492
64292 96619
87883 97990
30517 96420
53412 94221
24202 96281
17010 93114
62629 98860
42787 97706
62946 95862
56870 92004
17434 91563
78446 99837
80579 98433
93828 96623
80266 92273
30735 92932
71267 97523
91837 92929
15138 98896
54248 95627
18286 94014
47135 98709
41790 96114
57322 92512
77924 91916
50424 93458
69347 92623
87460 93175
86871 94957
28367 98169
89747 92562
21122 94920
42329 96567
95502 99609
160 93407
13955 93193
16518 98455
59520 95728
19433 92859
70456 92947
51402 93467
60188 96939
95129 93791
31722 98340
51799 96063
19702 99853
615 92995
80262 93529
80864 91050
70784 93503
97845 97221
59139 96082
92673 97573
25396 95714
59363 94320
49533 91286
2174 96330
37159 93036
84305 99061
97739 93343
68904 98245
31119 92704
54238 96778
16833 95373
61807 99354
716 97816
24439 99206
24699 91075
45600 95148
54468 96698
35345 95945
72510 97690
33215 96664
45149 96115
56074 91996
4162 97516
44220 98010
68013 98210
81111 93650
62905 93513
29109 95708
595 98546
5102 98921
12101 92719
22755 92055
84252 91945
54554 91349
67978 99246
96183 91300
22124 98579
97524 98652
66521 95021
40505 93955
46392 92710
11564 94135
94668 97722
58290 99059
39463 92618
79256 92574
49970 92346
83963 95585
8742 93997
48615 95799
30956 92004
35803 90951
38974 91307
44320 96528
39688 92851
61553 91326
63237 99565
46968 93474
87849 95172
5120 97150
81338 91034
56612 93252
17566 93418
65578 98933
18401 95356
67731 95732
36071 95721
11306 92113
7942 97617
61366 95244
72837 95523
50590 95048
11729 96175
54265 98304
20967 98486
60384 97252
57045 95225
28259 94053
42492 96924
62322 99984
1071 95962
30648 92807
92519 98880
45619 99187
75264 99804
18863 95282
24039 91250
51304 91870
82768 94372
24622 92581
96418 94326
36821 95090
81844 93844
53667 92920
88577 91938
21183 93689
68600 99538
6220 97887
61881 98981
23840 96684
42948 96759
94402 93069
38009 99715
62492 99806
6192 94706
59602 97143
63556 96465
84429 92507
92596 98026
70054 93978
2192 99765
57092 94746
10223 94122
62559 90949
18733 99015
52317 99958
72877 98384
75441 96626
96822 94252
66615 98837
35661 91273
78125 95544
86198 94630
24921 99172
14946 92180
24202 98551
52331 97090
42471 94995
43673 96374
64565 99572
791 92317
1575 99383
22801 91014
50076 98300
38222 96797
29761 99200
42578 98340
87546 96414
88331 93372
9240 95507
34489 99123
33602 98419
4701 99910
51128 98783
97057 91635
55875 92480
27753 92348
98938 97743
96307 94462
95044 98810
49934 94508
60041 92599
58365 90986
27039 91591
43629 95385
32211 91873
4728 98401
68579 96479
9741 93413
83044 91890
3924 92473
17806 91992
30884 91196
77017 99833
67518 97154
17888 93485
61908 94155
14448 94927
48131 99537
55542 94851
79370 96916
48160 93609
11832 96088
16463 94936
68864 97219
96986 98787
81667 99802
99595 91871
21995 97090
10113 98638
65199 95519
93094 98910
71524 97537
56769 94159
9221 94221
56813 99301
90794 99498
72423 96522
21317 95095
93459 93205
28046 96556
884 93648
88362 97679
3079 93473
29870 95441
18310 96314
9694 98106
14368 98858
36902 98640
28389 99047
69129 99415
85834 97010
58910 96663
86561 90972
43481 96221
171 96548
66674 92089
99043 93751
28858 97692
85468 93331
50224 98011
67522 91891
36418 96208
24067 97294
80355 97743
65031 93437
57322 91562
52082 99284
86246 98001
22001 91825
61017 93733
86719 93139
82640 99699
88074 91323
98300 99329
83755 97701
96745 92738
10948 99242
13975 96446
58037 93900
8949 94063
61853 99003
73078 94683
54489 92628
30845 95886
75087 95602
35881 92050
5392 93854
2075 92395
84551 99259
25389 92665
8886 94163
15100 93485
45984 99397
28148 95573
3449 97022
24576 91001
39907 93639
34236 96107
35106 95196
60084 91161
23421 99985
60859 96853
55253 95540
49974 96110
24050 98173
52858 98286
69276 99376
87068 95711
37349 98309
85437 97846
1601 94227
43026 93360
8100 91674
39991 94734
79411 96430
31235 93181
5404 94469
85414 93416
13075 94989
97228 92398
63104 96855
52741 96523
22335 93114
36479 93730
54620 98491
83272 97075
34737 95114
81278 91344
66329 96049
85737 96286
11443 92018
82788 91697
89755 99797
21506 91801
63259 92872
62544 92878
19279 98098
76814 99360
48936 93597
23899 94051
57733 92505
18479 95202
90483 92240
65068 97533
12391 94790
21698 98363
79595 99110
73981 94799
86026 90981
5806 95691
40350 91402
39001 93255
83622 91483
6058 98835
17641 91475
62490 93820
94312 99524
66608 99065
41853 95259
93359 94925
76907 96882
72379 92125
74194 94581
1002 95157
46258 98189
32825 96861
34037 92134
14811 92542
671 94787
77724 99469
16699 94066
78337 98694
81134 97066
19425 91686
34570 98880
86021 97829
22422 99052
11705 99073
46516 95755
92822 99284
94143 95995
89282 94142
16309 92289
96220 92620
52424 98263
26361 96723
14966 92948
21073 97141
69247 94717
78781 92969
99283 94330
84248 98454
44807 99098
70244 91361
50321 95232
66640 95920
77490 95410
43677 99527
58244 93890
14326 98186
80217 96744
86624 95076
87224 98606
62468 99148
63762 94418
65553 98368
84726 96561
50738 91254
2206 93290
14717 99238
33381 93623
81889 99424
72506 97659
2522 95328
62775 99882
65545 95010
42596 97750
62817 97779
80411 99682
12187 99347
49575 91442
3788 99377
35491 94684
51481 96664
18475 93432
58770 92251
27684 96861
94221 97571
91616 99889
59646 93928
20412 92116
31083 93242
59130 98572
91041 97366
61716 95981
84226 91193
4455 98251
59631 92513
27506 95408
9748 97619
6700 98400
1466 95464
5030 91856
50751 97830
32841 97777
8684 98637
6840 98081
32751 92692
47699 91767
90094 95375
86799 99336
28745 98514
63536 95994
83449 95596
21897 96805
98370 97066
71843 92908
9448 96615
93252 91882
38560 95615
58427 96776
75353 96110
15155 98392
7507 96995
6905 96890
60940 97935
57065 95869
19616 93949
89860 97870
8995 93548
60150 98762
15274 97138
7145 98968
24087 91233
19777 98445
50312 92164
75070 93927
96363 97488
16833 97764
95576 92353
32130 93843
20800 96295
50010 92262
49351 99672
28820 92108
93474 99289
4948 94185
24489 99577
40589 99713
61979 98801
84716 97280
98425 99142
68319 99048
41560 91645
14661 91088
48837 97212
54600 99375
17719 91535
69904 97012
21147 96490
51162 95101
73217 97769
56726 99988
86974 99421
63010 91449
3785 96398
35421 91331
21408 93327
23369 94075
91900 98648
79185 98534
60931 95781
47399 97623
65569 99971
22751 97876
29044 95585
46697 99745
84517 91022
28389 98023
40872 91893
34952 94911
82203 94514
60541 93758
8314 98931
5974 93214
63353 93664
8585 97858
29064 91634
47306 94890
97948 95828
96743 96755
68824 97898
3712 98633
74521 92579
55761 96598
9291 95934
68056 98812
43310 91578
13296 97058
47513 97721
20502 98706
9310 99091
71522 95705
63847 91711
58977 99625
6428 91523
33037 96262
86911 98124
78077 95447
12014 94749
72033 92038
56576 96182
86815 92739
97466 91791
41944 96094
67561 99647
87918 92318
6398 95327
67687 91817
16554 91755
96852 93775
93505 94171
30006 98590
3060 96639
60020 99570
51422 94834
84784 98247
17789 98734
94579 92251
6792 97324
40601 96917
57736 96486
27524 97772
22871 96254
8577 94679
15491 92390
31961 92650
66734 98052
64657 97160
67647 96210
87528 96151
72741 95195
35496 94592
14752 99138
45078 99851
30927 92649
98096 98841
160 97997
45447 93690
53618 94393
71242 93352
7094 95369
12663 99262
38807 98666
98461 91559
41182 95938
43418 94742
33731 97523
70186 96529
27703 91579
66020 97475
35787 99357
89464 99583
23062 94600
65448 96250
46490 94893
27048 94353
42200 98687
34844 91901
27294 92678
89885 94208
96824 97770
32103 91079
81439 94784
14013 97558
2030 96896
87631 99986
85047 91685
54852 92206
62634 96185
84730 94150
55387 99863
81005 97162
12469 98215
81403 91630
31729 93166
22730 94655
56598 99745
25302 92135
96290 98465
31288 95020
78324 96100
2635 92800
78486 90971
68657 98620
75955 95136
25824 95605
49935 98448
92611 95986
1568 92142
49967 97665
87490 94673
77307 99761
10127 95244
30775 93188
11097 99213
66780 98557
72412 91667
49987 94938
30670 92689
55518 92521
71099 94479
92594 96917
7573 94802
82844 94864
86259 94217
16859 97759
43790 97834
75564 91195
23032 92482
32426 99128
47999 95163
51016 95145
55187 99596
45826 98255
16437 97730
90178 91315
91688 98721
56628 91124
11459 99066
73348 92605
55872 95924
26170 94032
1465 90979
95613 95077
8749 91441
4832 92026
70668 99256
7707 93814
22207 98727
2527 99000
60814 95301
80415 93891
9820 99731
17230 97386
12601 99999
27655 98608
28442 95073
88066 98245
90725 93742
31535 95296
77489 92540
66903 97319
67397 95416
89601 93407
28818 98775
29965 98312
65650 98526
86124 95786
74240 96741
86788 95091
30906 96042
86599 98368
3022 99929
83192 92929
45882 95142
58674 93479
2131 91774
52960 97444
41024 92338
73109 91315
19272 96286
63389 97059
41485 97102
77961 92166
90542 97689
86144 96898
20887 91607
32714 91120
8324 96481
64129 93539
68277 91007
27729 94676
57883 99847
51967 94580
72983 96176
74125 92854
55027 98277
29639 94703
92330 98935
43635 98928
29621 94789
14402 91937
49044 95532
25356 99452
10213 90984
68952 98537
13746 93567
43649 96150
71096 97823
6799 96842
61579 95852
96131 92921
20037 96101
80850 95299
83194 99713
91271 93864
16265 98573
71142 94552
10396 97083
20452 99932
69110 93280
57472 93601
9949 97545
83136 97775
34746 92220
53918 95016
57258 95204
91209 98098
46885 93417
87023 98249
20846 92069
84635 93108
46629 99725
27226 95896
60127 93870
68958 95045
30132 98800
19005 93039
96886 96623
25375 97690
34944 92600
99226 97687
41665 99936
43946 92530
87342 99050
42354 94834
49180 95958
26482 99016
74515 92045
62780 94320
75654 91559
62032 93264
39574 96837
67289 99093
97174 93387
46929 96567
45738 96377
73263 96241
11812 92720
98856 99541
61230 98277
31451 97107
95534 92904
39119 96644
74969 95688
90184 93407
51509 97979
972 91846
89036 97190
71476 93094
36385 94580
22289 93168
75908 96488
82254 97705
1608 94385
31012 94981
58418 92532
7920 93287
4339 92808
64456 93490
15658 93427
35662 98169
64958 92925
64664 97905
26711 92297
43800 93078
18300 96378
5077 96941
14645 97428
63908 91805
16611 97012
96129 91573
7428 93376
2026 91036
87615 94171
89539 99309
3918 99680
36797 94464
42552 94569
10383 99801
28247 93895
17319 96555
25293 99266
34306 94678
23337 94667
97179 96217
34496 96868
33083 99606
70863 91374
28516 98859
34802 97098
74781 93699
54400 92587
91886 92038
61245 93835
51794 94567
71641 96748
81016 91843
14640 92703
27614 93034
75114 91011
59993 94352
42907 98766
4776 96487
32201 95659
92655 96333
29272 92633
47719 94428
39533 99404
30903 96335
99689 92204
71675 98319
80031 99657
31729 98100
69473 98631
28228 93137
94229 94576
85239 96736
34791 95560
87738 96771
31595 96398
75610 93207
47614 92457
42542 91685
82727 91568
68642 98689
67882 93089
58883 97273
80665 93913
19367 92711
10983 96103
79271 92197
26071 96773
36343 91590
68355 97722
9808 92441
11742 97107
7747 94929
89947 95299
75063 99902
31325 91731
49149 92859
28266 99339
92627 95171
82341 92685
98481 97740
56523 97675
82311 96277
16782 91216
64163 99866
14707 91718
38935 91307
74717 97257
5163 98203
95606 96017
74855 97779
28369 97348
42001 98996
33366 97744
23407 92106
15743 95440
74516 99261
3303 94133
57453 93453
1240 97828
49640 92763
72572 94892
2619 96116
34842 90991
95003 94347
1801 99650
82980 95217
26805 98203
12565 91951
40164 95954
69750 91588
25672 95314
91056 94063
67169 93530
86210 97069
86879 91448
22237 91759
38989 92344
63159 95592
35890 97333
50276 99846
41276 97866
19360 90955
27017 98794
27389 93666
9591 99789
8997 94448
6884 91904
55217 97691
45073 97138
25741 92310
87527 91444
65000 98665
98469 93921
7628 95477
56983 94822
76176 91187
66769 92002
78636 92531
82407 91763
89926 99668
87787 93896
82904 91328
93390 95983
31008 92264
5920 97507
8759 92396
10251 91266
26644 94871
30204 92291
20375 99165
77469 99720
2306 95940
81123 93858
8491 98142
93138 98620
551 95046
74051 98768
55 99597
33244 90973
81617 99926
77055 95015
81962 92881
10787 94550
42776 95586
14842 97488
78159 92091
40172 97403
70930 95469
19102 95697
79598 91323
30746 96920
36222 98986
64470 93030
95211 95686
41021 97800
39049 95079
94580 94024
80815 94550
29754 94502
12940 99208
90201 93083
32560 93080
6221 97558
54736 97560
32782 91713
51884 97836
78774 92743
34913 92027
24396 91112
25575 96731
40708 99160
89114 92609
61411 97440
41379 91081
6457 97900
50377 97029
28341 91105
69299 91025
23457 93037
34969 96078
41434 97085
12139 95450
36195 96210
9810 98441
26909 95925
59080 96710
78508 94139
52847 92017
83033 99442
52029 95267
91162 98440
93129 99688
42021 91174
66803 93623
78406 95913
95583 93825
99085 92489
6206 91128
96544 94186
15531 92450
3639 93842
37186 94657
94348 91549
39967 92435
57123 92440
82871 97944
23761 90978
48167 98336
81813 95395
54986 93541
35808 96131
77801 98524
1076 98880
99108 93908
20153 96104
70549 94600
15094 96798
4626 92593
56891 98746
3251 99934
44660 93896
29358 91078
27199 99586
1944 91998
30271 99620
82147 99052
97644 95396
91935 92648
17372 92255
8628 97881
97190 95003
9951 99321
47114 93332
3521 97674
81863 97186
10282 93000
36082 98393
54630 95395
58767 99337
41427 99804
28052 99954
25637 93030
7875 91898
73644 98501
7020 99904
67668 95078
30632 98541
3637 91156
75294 92136
92574 97061
52349 91546
74791 94625
1344 92726
95879 99533
77969 95257
39050 96648
46332 99365
44242 93507
79174 96318
88625 91783
17265 91178
61512 97818
38739 91601
18455 91137
44415 99624
88225 96808
88438 99535
7914 97693
75671 98807
9880 98229
1102 92642
60852 93757
76172 98435
29393 92699
52779 97484
75452 98368
86626 96313
57884 91450
29083 95565
58665 94005
40501 92052
75711 92468
86287 98761
6729 96624
29921 91209
27434 97956
21883 97424
39065 93071
64277 94530
93135 93459
2568 90945
31350 93972
2351 90971
67203 92002
52793 97580
20669 92974
37180 93027
90915 93352
56152 92324
38104 94216
78932 91513
78976 96972
80629 99708
47712 99545
58765 99689
16903 94442
51441 96214
17636 92034
5928 97568
67700 92497
93273 97002
9952 93697
29238 95941
68930 99357
89521 93142
22493 93344
76881 95063
73667 92432
53242 96034
37107 96917
84591 94022
9849 94575
59808 94141
51267 93677
76774 95482
29324 96066
65243 92626
34610 96566
88485 99616
49028 97110
33286 98636
41864 96986
24522 95948
49651 97262
76643 92050
68700 99377
58674 91462
9077 96170
48749 99760
68565 97644
94474 96225
56681 94376
13293 94573
66914 98357
99302 96219
305 97630
43142 94311
57774 94479
89636 94106
74709 95955
50624 99243
6804 97994
6087 98894
61745 97455
49837 95717
29827 95554
92254 96310
33043 92848
86469 99260
20977 93198
37745 96376
34030 96411
15708 94060
79797 94098
36687 98091
24431 97853
11125 95978
36597 92443
70582 93846
93396 91784
98896 91677
36787 99202
86677 98612
46650 93652
93819 94533
83718 99933
82972 94102
17450 97181
20906 95067
28005 91163
972 99003
26354 95186
20858 96255
22239 97926
80261 94828
77018 98097
72058 92801
13903 92003
35447 97690
979 95836
67351 91792
59435 93759
75564 99216
27974 97317
25420 97306
54237 97523
75260 97131
91359 96777
277 95236
14901 93614
14367 91537
93984 96093
91748 97612
7338 98657
17156 92101
70401 95092
9837 91122
95952 95750
54411 91301
3700 95530
75562 91675
53991 97139
7002 98415
60648 93128
79919 92739
80374 92169
49728 93104
60310 97457
31514 95419
25912 94165
46308 98772
51646 94142
54830 98263
90854 94783
74804 93751
90943 94724
77121 92137
67125 98953
48788 91928
56272 95055
31633 93499
90517 94554
31686 98028
69912 99575
45243 95419
68475 95674
37321 92807
52922 91341
24977 96038
55451 99378
91 98678
78257 91214
33358 90968
75439 93903
79399 91678
88483 94008
73930 91827
2432 96545
39911 91677
74170 93431
16683 96349
49749 98266
42623 97463
44780 92401
10588 95986
92954 91868
28751 98471
37317 99557
48180 92159
20016 95696
95360 96684
31417 94021
6980 91550
99966 93931
65315 98242
69921 94026
87618 98684
63398 96459
65190 93490
61832 99191
84374 94350
97184 97586
64046 98580
2158 98516
36845 92356
18395 96845
79022 94695
77975 97325
70892 93771
58915 99858
32210 93031
95574 99715
9207 92394
69874 91227
19053 96280
83835 97395
61294 94182
30055 99326
43968 91592
44377 92260
70950 98500
53748 92002
84539 91454
53090 96280
37721 97858
82032 93401
20415 96005
34299 97417
87037 98917
30799 97470
67472 97476
21616 91351
20862 91450
96517 94481
13529 96465
92594 95726
13255 92474
53459 92194
49550 94153
55351 98222
41450 91478
19773 94562
32529 93163
2939 94281
58283 91096
65274 95177
45188 95829
56996 95613
6195 99561
39812 97301
12794 91439
72961 93856
32770 95154
80331 94369
1142 91672
15602 94257
97239 97109
39184 98601
82452 99347
20035 97772
59527 98322
87153 93371
67321 99617
93693 99939
61199 97633
19342 92434
86889 95329
91377 97607
58855 93358
6772 92677
90553 94534
97070 98127
6419 98675
26338 92002
59176 93412
54167 99304
78103 93079
40957 95137
23118 97538
38986 95679
14071 94536
61079 95552
192 92476
67587 97368
45543 94473
32496 94077
55843 98610
28054 98290
36134 95591
45827 95501
58080 91062
24535 91364
31545 91913
49035 92129
64598 99511
57620 95258
96866 99482
20864 90951
53833 94389
22093 93630
47657 97875
27789 98671
74725 99369
33757 91534
74584 95782
91455 96844
2940 99752
10913 99793
57098 99222
97736 96868
15321 96374
7586 99751
78069 99213
1178 94931
1493 96586
96428 92850
89440 93000
72723 91022
22030 94233
90939 93575
58738 93287
56091 94033
94353 96399
12083 91828
13599 99678
35705 91422
22336 93433
43596 95342
63668 97200
1294 91342
59169 96755
43380 97602
7403 96053
99309 94828
77340 96928
69525 92951
93806 97338
46771 95525
43210 97448
5727 94798
94484 96165
1078 91973
65984 97373
71141 91621
79633 96704
2402 94681
16268 97964
10307 97810
56454 99041
79426 98923
44933 95142
46444 94885
37147 96073
36832 98818
88575 98929
80583 95495
11807 94550
23155 97860
5279 91392
82634 93094
17098 92258
46493 98747
13196 95087
89127 99769
68244 99246
737 98614
23257 93028
54880 92221
74272 99989
5172 98438
94318 96019
34441 95886
37186 97424
66111 93825
32025 91852
85367 95706
97806 95654
57449 95897
931 94695
78170 91103
47288 92789
90099 93725
4248 93480
68380 94593
16066 95950
23102 92655
86223 91309
32069 95413
14385 91640
51074 98010
83247 91359
5394 99471
42575 96222
10525 94481
45839 97002
2400 97756
16801 97401
31023 98913
5719 99586
7959 90968
1071 94474
66856 96251
1444 98479
88736 98903
73927 91222
39773 91838
40092 98511
3200 98148
33364 91565
40270 96227
66467 95412
67940 99869
75105 94143
76718 95266
2748 93418
52919 94387
25715 97089
25898 95361
6524 96486
36150 94636
87340 93260
17275 98153
28652 91099
73191 99623
85098 93384
9420 97500
48424 93640
66412 96401
57056 94966
71675 98762
95124 99244
3669 93288
64763 99214
41792 95593
38258 96185
12874 95814
49241 96267
13701 98440
20477 97816
9074 98258
34980 99431
82314 98584
64322 97929
32639 91754
31602 98958
88770 99053
20027 92279
13434 97600
66161 98043
7792 95544
4305 97061
28535 98469
9493 98492
42405 98858
25605 91613
26952 91932
4674 98430
81922 95539
46532 96045
39420 99010
28723 95656
2658 91095
51737 92435
24942 97023
95587 93081
78360 95235
14439 92209
25811 93185
14492 98427
17033 96293
76125 92792
4422 97654
6306 98268
22520 93277
5905 96687
33598 99945
92914 92234
46932 96836
20141 92410
17806 91248
51287 97682
69271 93040
9631 91582
28005 94746
98254 92346
96354 94510
7936 97021
59737 95038
76372 97127
90265 97190
95306 97683
98190 99288
91212 99315
37027 98415
16938 95590
94348 96540
11246 94546
11329 95317
9133 92072
44310 97944
74980 93128
72022 96804
85076 91260
58112 94023
6051 98355
36145 95384
46506 91746
74489 91060
58843 91720
29272 99805
87190 97391
55827 97063
42622 97811
41482 94105
52807 96784
11436 93023
54153 98904
17673 91552
12443 96553
93423 94305
41010 95833
40072 94882
93716 98509
92033 92362
46441 98980
89423 94882
97960 92767
69768 90956
3255 99941
41689 98337
91509 98864
6164 96375
35944 93846
33644 92980
78564 97261
88447 91923
40135 99330
16213 94304
21495 91324
9617 96420
85939 98464
33805 99801
2654 93392
30045 92322
8311 94664
946 94240
47441 98863
5172 95728
48650 95179
22873 97351
80416 95083
84006 91980
49103 97200
60760 92535
21283 94127
44808 98232
70410 92553
90505 94737
41330 98536
11791 99794
97499 98547
25571 93703
18522 98605
69416 97938
37259 92957
96807 92389
1785 95968
78612 94064
85427 93736
38555 96031
34128 97830
80886 92676
44822 93112
55782 93489
43529 97720
17289 93177
37964 91946
25284 93336
94716 91896
18423 99679
50866 91665
5564 94055
3710 98232
23010 97517
32246 93605
19945 95860
72657 92358
3874 92868
96657 98062
80164 95997
66330 98038
21038 99412
62925 97575
83853 91711
19719 93878
20022 94850
59267 93067
73219 94396
16063 99939
40044 95076
24208 99589
40552 91427
44535 93207
23357 94491
98374 91188
95239 97361
50305 99232
70329 92844
66713 99651
42789 99506
85088 98877
13554 99753
7223 93968
65951 95795
12814 97687
22701 94354
29076 91280
82898 93959
90945 92355
11061 93732
48374 98075
89762 97169
13199 94012
30865 91816
29007 94423
32275 97918
56525 95950
44217 92059
3058 97376
71757 91456
66324 96548
73537 94823
72041 96992
38900 95126
97141 97327
38243 97760
4348 91837
19356 92208
2959 96244
66151 99813
30438 93146
53239 91201
19737 91513
91113 98931
76156 92625
50855 97978
43254 92056
91145 92584
30380 92778
4400 95062
95322 95873
90370 96572
39880 97528
91659 95759
56212 92001
14120 95029
61518 92979
8946 99585
2179 95717
36725 95012
15867 91420
22102 96298
26414 97899
9004 99768
36189 93390
47410 96919
67804 96577
272 95006
62461 92682
24380 97887
52186 98032
54332 99588
12479 98292
31746 95212
39010 93799
76157 99678
40211 97526
9240 93794
99550 95367
39146 93040
78032 94106
70965 96821
19981 94827
92114 92287
43779 92806
90936 93691
11053 97204
12006 93333
24695 99293
24154 98850
55650 96202
78483 93670
87508 91393
60213 96922
90060 93988
42103 98327
38623 91967
2074 92145
80776 98515
97978 96472
51696 96737
1586 98540
7033 98984
10256 93153
70768 93112
55628 91029
21596 95917
41047 96170
38310 99782
58582 90993
81069 92986
64616 97128
64958 91219
25175 93641
31261 92435
58451 97370
49167 98254
81346 91936
82584 91036
32970 91015
66114 92335
12823 93873
66431 99543
24444 96264
77078 97212
85313 93176
18150 91111
58379 95707
66589 99085
72995 98829
80433 98412
34114 98629
56014 96936
10971 99215
74076 99485
58925 98303
15850 91036
98634 91669
28778 92483
90257 93214
92081 94008
18400 94568
35489 95755
2102 93602
87242 98577
59347 93318
20411 96296
87129 92752
87906 92475
57109 94486
3879 96993
86120 97586
60286 93125
30819 98052
94615 98293
92698 94672
94669 98987
63545 98301
32439 99153
16571 96486
51453 98228
81366 91944
22294 94954
46272 93705
39103 94962
26873 98764
49420 95670
16664 95878
4519 97326
44024 98829
62306 91891
55895 98017
9571 97445
35288 95649
91868 97016
91009 92119
95535 98461
60341 92948
89164 96340
2661 98775
24694 99565
3747 94478
46064 93396
86863 97963
334 95488
23911 97132
36320 93629
173 96371
94473 92035
62128 94178
92131 96872
45515 92969
45925 98019
82498 97706
80800 95294
91253 91197
75690 95604
83627 97509
76227 99568
71168 99340
36233 93238
39751 99355
46464 92258
90847 97103
16119 94270
41626 92566
84502 99787
14841 99038
26001 99602
35350 94503
62690 91000
40716 93146
23698 96651
21207 93661
2730 96263
63032 97575
41631 97481
47863 93213
95771 94840
94221 96669
43280 91079
18735 94525
99101 90989
47664 92097
32529 94097
93869 91453
83127 97121
34423 96722
3609 94822
30200 95218
64235 92989
51983 95877
45209 95427
95869 95123
60170 97665
71273 96922
90758 92934
53199 98681
16877 97188
10460 99736
23438 92693
39669 95439
18791 93907
47134 99841
71415 98441
20402 92082
98386 92476
19890 96255
32733 95514
92825 95114
89247 95268
88823 91438
23264 97307
32190 95564
3885 92166
19016 96113
13632 91740
62863 98020
26224 91519
79636 93940
30757 98425
82987 95648
28705 94426
17218 98270
59036 98066
94780 92471
4852 94200
13267 94341
36549 93908
48183 94577
89584 92836
23644 97098
1236 97686
56351 95657
24545 92636
66690 99559
75697 93489
43423 90960
9254 98822
42013 99561
66503 97078
25758 92975
95457 95658
78105 91403
42507 94604
49797 94107
65518 99712
6506 93328
71826 95889
56997 92369
1291 94258
25987 97852
83009 94970
53168 94690
37478 97403
13762 99106
45924 93499
50286 98373
9001 96827
20461 98115
61718 99655
21190 93486
86010 95595
8562 94696
24653 94573
67736 97014
31669 94315
79594 98534
28328 92962
83812 96328
32476 95165
39423 98442
1063 91138
10918 96874
27185 94845
18881 99815
18193 99782
63558 96807
28040 98300
80027 97266
15851 95864
6725 97679
89734 98183
32547 98906
75838 99986
58106 99556
64527 96335
45363 98519
70243 96245
99014 91626
20287 98323
55829 92110
60539 95092
27976 91554
54002 97445
46837 95569
18137 91881
14506 92743
17195 91080
5884 95864
18926 96897
58457 92122
26241 98203
96430 98116
79388 99518
48207 94613
54978 92626
98510 92019
61610 93962
42083 93138
46537 94498
72682 98924
33880 93237
96147 92229
73321 95603
46107 97067
20428 97525
57969 94961
37590 96263
45500 99610
84008 96436
8177 99840
33956 98971
1515 94916
97968 97387
16977 95145
8643 98426
48280 99263
2703 92075
92142 97816
18945 98087
14967 91531
73524 98646
11502 94071
79706 99239
77944 99689
4318 94119
92911 95822
64752 92772
75073 92328
1755 92305
43124 97113
27955 95099
82144 93685
47868 95846
29534 98037
85026 96226
63731 94937
94144 94493
2148 97545
278 91844
63424 94541
28113 96058
88996 93243
16000 98712
60086 94091
28294 94201
13671 92376
96779 94069
43064 95157
68998 96102
11576 97098
96112 92448
86521 97521
20220 95131
11926 98067
6636 98362
98795 93950
3527 96787
70819 94846
31681 98412
46521 97689
20435 93255
4094 91191
38526 95060
93842 93741
83880 96219
1293 99077
47431 99961
42914 91272
66196 91896
86234 95146
58748 96862
98822 97777
58920 96593
86016 91458
31065 97841
20036 97029
16933 99135
12542 93667
26679 93704
66630 96876
25635 98500
82562 91057
90666 95957
79446 96550
84379 91587
56277 96154
11575 93552
52515 91848
88120 94552
94170 93731
5950 92469
80770 99909
74477 97404
79015 93110
17325 97556
52634 96158
70050 95786
29302 92857
27382 98773
22817 96622
9754 96265
18634 96619
32204 97650
23098 94591
37204 99343
22636 97828
21335 96516
7829 92123
52893 95569
76299 95434
14085 91279
49344 98153
58119 92447
29583 96824
10445 98612
56230 92830
73745 91028
27900 95130
40074 96937
72301 98477
82537 92326
17060 96640
26712 92413
23410 97360
13357 90979
37551 94496
74041 92280
91618 95767
72013 98597
44061 96876
18599 97594
32954 92380
74234 97166
74003 96809
9887 97174
63281 98192
24962 96245
44459 92697
6807 94297
58228 99945
80307 94297
65621 96776
92524 98686
68039 93807
84526 92443
28008 96394
94643 95731
93421 98849
77129 95867
39229 91694
60910 91084
33097 96880
80070 93671
98500 96626
98352 93829
59707 91188
66970 94810
94802 97185
47435 97157
54419 94343
68697 97155
66204 99627
22840 95844
9563 93585
62185 91389
76118 94106
24614 95380
27891 97760
84407 94936
19031 98610
75477 99582
7233 91740
22843 98073
84350 95365
58953 95939
30567 96298
21874 93687
76846 91655
32620 93310
44380 97313
91135 95670
63002 95301
99551 97231
72022 93664
96586 93609
85682 94621
15670 95661
55156 91276
60260 96447
22332 93112
10564 96598
90735 99316
34742 96128
13096 93411
88105 91789
4497 97818
82991 97465
36590 95115
90319 98352
28390 93920
51772 97347
57302 99180
1412 92889
97929 97716
65700 94012
73320 93734
99253 94230
42051 96855
70317 97092
40098 92855
21505 98982
32216 95118
69710 92450
17912 98610
19888 94457
17807 94939
69690 95156
20719 93529
77430 93931
22160 91793
46325 97734
8088 97402
67864 93833
57412 95003
48458 91135
27489 97678
45113 99897
3287 97617
18986 94927
71825 92389
73893 96147
56375 97663
37987 97736
1729 95448
80944 91407
48571 94715
26891 90969
77609 96726
52025 99596
12162 92987
36621 95229
76694 98994
75337 99932
53593 96747
31317 97823
20335 97850
85094 94771
35469 94905
57731 97323
5284 96327
93831 90976
79571 97616
27919 95614
56500 94513
83737 95771
36021 93546
94835 91121
4989 93522
2555 92097
46756 93584
96678 99576
42939 91827
2691 99893
5879 99238
35936 91804
98764 95626
68073 96189
39385 96221
97334 98627
31307 93169
66492 92209
15418 96503
36984 94885
21736 95915
466 99042
51853 94625
25888 93686
77737 95631
55752 92656
88747 95385
36825 98652
49546 97797
92531 94146
88703 95935
60098 97818
23746 99444
67489 93825
48212 95785
51528 93663
55086 97151
95218 99051
58411 92756
65466 93310
352 95780
50081 93755
8347 96393
88614 96083
62653 92323
47020 97173
11457 92854
30558 99748
10421 93614
95462 91703
23550 98116
7144 99180
99183 91137
23982 92533
47196 95804
69994 95464
53541 97201
66377 99300
64698 98152
17468 98687
21353 91914
10111 98382
28257 99036
50845 98676
49794 99796
75235 99443
88829 93344
72593 93336
37820 95129
77151 94343
28300 95366
80843 98260
47277 93715
77620 97612
89570 96839
99459 97044
59056 93066
74278 95326
92145 92812
81583 97632
45775 99914
90992 93587
42403 95708
43654 92452
78598 94316
29954 97073
22789 94989
97666 97289
87230 95171
17750 99450
38317 99721
19410 97354
31255 93334
12190 92427
71013 91752
72229 95349
7284 93541
95863 96059
5520 95521
27200 95593
11001 95248
69455 92530
21922 96342
43241 93573
24248 94837
60882 98668
85405 90947
35823 99625
4093 93745
19277 97158
26446 93246
32241 91824
54300 97776
81797 99607
57049 98282
67826 97213
14197 94382
29669 94410
15732 97582
27724 92387
6403 92520
23388 93726
12490 96741
16810 91355
79539 92302
33187 91168
36505 94753
46524 96360
9704 96365
82172 94792
51835 93242
90484 92966
31967 98386
28943 96515
93544 91067
11382 95835
36651 93620
52646 96445
26713 94298
41109 96590
50139 99968
64898 93310
62248 92757
56396 94287
27474 98261
43688 96856
84504 98289
4653 91319
53768 96629
65022 91667
14171 98564
71970 91238
9748 93778
49313 95339
10574 98896
52531 94712
57404 98918
10717 95817
8364 93065
33025 97767
64384 95843
56205 91165
80738 96541
83885 91611
80996 94368
82638 91178
34572 91678
1577 92967
33799 97802
91855 98827
31732 95153
16243 95388
60707 94044
23731 95726
77830 94107
29350 95346
5135 94840
36617 98861
67132 94495
24869 99177
39980 99940
93751 93235
46694 95139
66796 98013
16853 97732
67015 91259
4803 96272
61875 97939
1220 93929
54958 99947
11142 91917
53702 94056
30037 97172
83483 94539
70917 93831
71429 93397
12528 94106
29905 96387
56259 91192
42894 96233
29452 96765
59789 91867
83957 96203
52115 95976
25156 92700
86286 93714
27807 96848
4651 93326
16585 97776
32584 95016
98119 95198
47312 92148
5111 94372
20729 97387
40399 97108
36843 92073
54528 91677
39971 91008
52619 92362
45208 92856
81551 91029
89463 98157
54773 94447
16567 92616
79662 96229
42671 94175
16791 91656
96445 93533
59560 94344
40802 98374
39422 99460
61483 92666
60464 91727
4254 96840
36744 99485
20603 92657
63675 92888
3855 94151
4744 91939
27347 93335
40050 99307
95535 99456
93896 92343
14873 95014
79 91205
54688 94474
80180 97670
39858 91157
41634 95048
30690 91196
24696 92548
19848 97802
8199 95604
13108 98721
69905 91432
22006 91811
56567 98487
79515 94849
34006 94246
99768 92253
68492 98589
73195 98263
70638 96157
79491 96599
20033 94980
83295 90957
10189 98690
19532 96651
79864 95640
15058 99437
77113 92775
92755 99829
17718 92024
76840 93776
28591 93701
76913 94561
40578 98648
78475 92727
63243 95569
89101 99970
9896 98431
7087 98494
71180 93657
85993 91807
79888 99734
46835 95372
96494 92372
77176 95004
27651 97672
8550 94795
58409 95316
82213 92619
40030 96918
38248 97440
18808 96052
68049 93396
38447 98775
3902 91917
51541 95774
5880 97981
47673 95614
66114 97098
41228 91541
25069 93715
2446 98677
71917 94338
79668 99597
80020 91916
67849 92407
49161 92192
11511 91001
19182 92640
65330 94967
26530 91042
70356 99618
33836 92303
44160 99927
62186 91047
45225 96787
54347 95341
49953 99209
41329 93920
50367 93930
67862 98922
73316 96801
26620 93158
54462 99283
61005 91643
88619 92840
85018 91807
19661 95465
6799 95137
99833 99618
29385 92215
5619 98784
65205 91399
20856 99648
52296 99608
97989 98771
32308 98928
92063 98492
55304 98131
83712 98512
88964 90981
12647 96373
2019 96188
77527 98387
12582 95423
45030 91121
56822 93921
52713 91817
27526 91863
64959 96544
87793 95447
56749 95303
32287 98488
94690 94473
24076 98017
98797 94899
32891 99448
40709 96765
16418 91474
84575 96354
72546 91634
27052 98070
94512 97222
58599 92606
71971 93048
26526 95444
37117 96285
10136 98531
68065 94933
44040 90958
22369 97787
2194 94137
53485 95964
76600 96663
25038 93123
74637 94635
21342 93353
9753 95207
68451 96882
43853 93867
4465 95942
97043 93978
98208 95927
4121 93633
92184 93212
83260 98298
58658 91307
71575 96942
98554 90963
44728 94886
62112 96922
7846 91061
14200 94208
69650 94188
21943 96546
97025 99351
89778 96773
26427 98446
7802 93264
4797 97312
17226 91167
15165 96601
33091 94985
35384 98842
58908 92824
44643 97200
57878 91556
55149 91902
86429 99253
17780 93649
25433 95369
85141 94680
11789 91208
60303 97997
69767 99056
11583 97763
18321 95272
34021 92798
68071 98018
12709 96854
71853 92531
12451 92389
70507 96955
23277 95816
62998 92499
41276 94232
97730 95896
82775 91475
95235 99325
60119 91205
1145 95577
9663 93454
8998 98315
64086 95118
96123 94430
86225 91535
94109 96086
11948 95432
4489 99157
76433 92587
83747 93049
27083 91774
33521 97528
11697 93027
66555 96269
20147 97704
70336 95954
73665 91262
88038 92659
57557 96251
39759 98046
63102 91130
77443 96425
396 96197
68502 99771
62826 99232
13521 94137
79448 94461
38864 98426
68529 97631
9438 96644
73717 92083
87931 92676
35326 95553
82471 92119
23113 93532
44010 99647
70344 96164
10418 97769
83945 95873
26702 92782
52673 97436
23545 92521
16269 95373
12393 98779
37760 95563
65592 92608
11802 94784
30562 92922
48271 98973
37360 92453
41652 95124
6202 99091
50083 92919
42973 98173
57606 98728
30537 94470
59225 93744
77241 97342
89281 98583
75844 91808
24797 97983
3160 99486
85067 99427
9059 99983
35026 95177
23503 93288
80459 91430
73652 91483
84317 92891
75535 93885
26271 94852
56982 94961
28625 99019
49722 91489
97711 99007
61394 97324
58186 92886
75340 92350
73468 91011
66796 93380
88360 98651
42903 95425
40502 95837
63468 98409
90999 94874
80440 97634
86353 93889
30491 95931
61169 91807
29415 99207
53132 98764
89479 93265
24660 91512
41088 97637
39716 97537
97747 97000
10740 97848
41487 99667
34808 93117
34925 91862
56940 97855
78124 98095
94125 93102
33227 93793
60279 97375
96608 99070
23108 91619
41967 91818
31756 91816
33017 99604
6881 92668
92722 91850
71171 94096
16839 92855
14530 94199
53266 97652
34851 95938
42173 91440
31300 95292
30463 95060
10055 92975
40814 98409
32587 96539
36771 94698
71242 91683
5195 92607
49226 94341
40569 93642
67878 98453
19548 96790
59395 97297
74721 99439
685 96941
50501 98710
83063 93317
82276 91166
14704 93377
22234 95214
10416 98804
89355 98584
45191 96153
89698 98347
46784 90966
98719 95932
61147 93596
99716 97722
50599 92074
48392 92027
53203 92990
44671 91886
20405 92060
47365 99539
58579 97033
42693 94358
21256 95149
42407 92263
89757 94836
87527 92149
26255 94911
40057 99313
26355 99891
45050 93298
47020 91637
56549 95237
78730 93821
47400 98572
36965 97235
8512 99735
28937 92781
77682 99667
70117 97193
22548 94534
88501 98988
64419 96022
88616 93077
54190 93700
26137 97774
77078 95406
38932 97755
88609 91300
6586 95477
83193 93359
17895 96874
83182 92451
12384 92227
77282 96837
51779 91554
91373 92018
8802 95001
33631 92174
35137 96194
75107 96576
60627 96806
77279 95307
42458 95768
49992 93343
78870 92776
8669 95451
66150 98664
4883 96993
69827 99710
33644 94702
97082 93600
13519 92521
43722 98548
56614 91111
83753 92785
92490 92468
61313 96123
13345 91586
40629 97851
62169 96547
21591 96057
32261 97321
1399 99272
3638 95476
90408 98801
36363 92321
86680 94035
37136 94846
85370 99514
58833 98901
90931 91038
93281 96951
87652 90993
64 98321
2044 95151
74164 94505
63948 92039
33921 96031
91329 93165
35227 99541
59037 93267
77747 92387
43221 94427
42928 96417
13187 97474
23913 98031
97335 96263
26070 99099
97310 96367
50413 99528
81863 95610
51907 96613
72113 91172
94184 93795
26289 99143
18793 98788
23570 99158
92931 98524
79827 94408
64866 91013
9599 98942
96291 94616
53742 96517
73141 91786
72082 91182
54450 91897
57198 91266
19745 91308
21206 96035
12675 93109
10767 92494
30413 93946
99526 92531
61098 96077
10182 93476
51021 99654
14743 98072
72896 96870
34643 96620
98948 95575
72768 99185
7901 98590
1943 91505
23669 97305
15064 91707
49706 96112
10563 94732
51335 99248
38275 95824
68417 96494
35845 97603
54671 93109
43020 98543
66679 94588
71362 93549
4646 92226
6814 96673
77301 92054
58311 93710
65213 96219
87479 95392
41454 93929
12828 97401
20663 99358
59255 92830
49275 97053
94364 92433
57359 91827
35647 98966
70820 98603
21223 97954
36638 91668
87772 97223
42118 99023
29280 92528
26345 96086
49405 92156
22405 94007
53734 92156
97441 95024
13581 97808
50075 98340
21398 92545
67213 96797
55527 92605
81864 92168
94146 97198
86561 94113
79942 91614
70478 95563
52093 92717
45920 92709
6399 92693
25819 91214
5530 96605
42831 95444
18098 95551
57222 96872
60902 91328
37999 96050
98455 96627
42395 95684
89709 91217
93271 98412
46835 98748
73232 94683
8841 94738
21540 97411
78025 92918
7235 99309
89733 96408
17458 92533
59567 91119
12843 96530
42238 95965
75695 97060
10409 99522
69022 94771
38467 92932
70236 95702
74441 94127
96842 98745
96174 96904
15441 93898
17726 91325
50426 99868
9460 96622
3686 96729
62012 93717
28176 98368
63168 94967
21946 92218
15778 96275
60934 98532
3265 97512
15422 95953
90218 96236
63549 98022
7674 91235
95662 92612
2865 92176
28042 97364
41388 99289
3679 92924
72846 94512
82201 99078
40674 96870
51089 98163
77339 95694
16926 96387
77616 94642
86642 93083
65601 97201
92294 96355
2240 91262
58402 91624
21362 97481
14421 91306
22502 91637
44260 98556
52232 97819
32318 94229
81137 96446
93026 98412
1603 94226
62220 95244
52816 99749
84853 93282
26028 93919
29160 91302
14801 92862
15102 98039
90900 95137
94460 97702
18281 91005
56316 94087
64354 95913
98198 99786
98208 95142
21931 91862
80117 91460
4919 97208
72180 93545
34361 97824
76370 98694
10562 98429
44398 91087
62423 95874
59076 95207
50144 92844
63864 93620
53216 96917
54384 95710
33541 92085
92923 99902
20757 95954
70407 99039
86980 96767
30203 91077
82178 94957
71642 97113
27768 91563
2684 94141
53342 94457
40162 98952
60241 96523
15623 99619
82950 91285
65325 94607
83518 98004
99071 93072
2938 96330
496 98434
84207 97265
92372 99642
89202 99043
51954 94041
16823 91583
62521 93196
29766 99286
15165 92990
46352 94894
8164 95729
88618 97570
14621 96128
16040 96395
5872 91947
23318 96892
37672 94469
75421 96252
69942 96864
36848 94669
35345 96471
65237 97397
81093 92532
57490 94015
4832 97040
56900 98428
70490 94487
78067 99269
98534 94160
42299 98500
31906 96308
8300 92816
99732 91686
74835 96146
77675 91252
71297 94991
98906 96096
62133 96634
52889 98327
40070 95509
63851 97198
29327 92609
25148 98532
93006 93705
50931 93181
97537 97216
84723 93307
24946 98535
3428 91740
93948 99444
85959 96404
31866 98353
45780 95785
22516 93980
17622 93912
22117 98068
14604 97429
11783 96878
59479 96809
46482 99083
43234 99285
52127 91590
89597 99802
69773 93178
89602 91008
71396 98727
80741 94472
97419 99037
78133 92513
69397 99300
83539 98753
95139 94856
46307 93251
81614 92121
33770 96923
83159 93071
51178 96934
69791 91391
96564 95734
82101 95572
15777 96122
14849 96485
81275 94531
35991 92895
68736 92760
64403 93537
18415 96385
78771 99337
53344 97529
73829 96985
63097 96731
7034 91921
46271 97057
51546 91110
69481 96416
53198 93465
3563 94030
63682 93728
26802 92164
62430 94743
5355 98695
63270 91942
67194 99020
88843 98681
35256 92649
3201 95626
20477 91503
84881 96783
82074 94979
8457 97022
35309 94967
6823 96026
28463 99126
81275 94840
9677 95669
77951 98093
87871 94167
5191 93744
75368 91597
34488 96087
79929 97844
26273 98336
39996 92631
49277 97891
43547 91533
67243 93459
56163 91986
93095 98140
14086 98817
74745 92549
50855 93576
70801 94791
73767 91735
44960 93382
41642 94151
38925 98267
96698 92728
79046 98734
28405 94621
94656 99231
43390 91658
30926 92618
60571 96357
2742 93611
97231 99232
64369 92501
28866 95465
25494 95907
48533 93068
78243 97392
67057 97078
33410 94606
7429 91237
57863 95442
39701 94614
10063 92336
79275 93428
25251 98786
76379 96382
14391 92720
70210 92923
29761 99430
36057 92013
50723 94473
13361 97872
53861 97774
44700 99350
8811 91719
80811 93751
23516 98746
85062 99320
63215 94387
6644 92453
41364 94941
52697 94532
17817 97372
30697 99912
2653 98098
78522 95596
5583 94487
88079 95670
24253 99341
63029 91261
66197 95337
19801 92248
13729 99758
38611 93515
90952 99324
58495 98307
51017 92246
2797 99900
33347 91473
53422 95171
14439 97251
93418 91190
68 94952
98854 96081
32560 99398
17692 91077
62198 91223
5340 99120
186 93869
93996 94901
11432 96562
59767 92095
13322 97549
45675 95945
43155 92702
4157 97476
52403 98874
81863 95611
41770 99039
29297 98046
89256 98736
16760 93508
69804 92604
95711 92457
55097 99132
3339 91488
29259 97942
8905 92209
1556 91194
83490 92731
50481 99656
93817 93584
71551 92077
45685 92927
73424 95596
9274 96574
2650 94193
26303 94828
85273 94433
44581 93004
54699 98716
49313 96980
61471 92287
21249 97707
34203 97438
42429 92037
29174 94609
25151 99495
19919 92303
859 96459
71841 94309
30137 91084
96843 98294
53498 98642
73435 93935
31637 99537
10350 93067
45181 97645
43922 97965
63345 99958
80528 97654
89924 98819
