1909 82545 49397 82545
3477
42182 96391
74520 87333
4425 91771
67817 83804
91010 97233
44446 89548
94779 99969
16791 99944
20656 97378
63233 84998
79848 93389
49343 88159
80226 94983
58455 84365
51085 88286
95803 94004
77002 83954
54384 85510
37519 93767
59476 98285
74755 89986
42690 90632
35323 89932
96447 88722
36480 84397
50281 83221
73510 88738
21773 93678
54458 96398
84891 91919
83596 97853
70312 84839
46031 83517
79597 93652
10396 94767
61427 87929
27611 91190
75811 89255
78320 87739
43890 89129
81661 97951
20086 87432
38748 95949
20161 86130
91642 96217
41515 82751
91243 82659
55247 86178
47982 89058
66156 92070
3091 96626
55429 83481
45282 99741
64935 94946
75140 98385
18686 93801
16323 85537
86225 84749
6351 97646
19355 95340
20937 96186
94624 85600
96573 95865
80712 96910
772 86793
86515 99068
11588 85786
37266 98220
80371 90279
72851 92246
82661 90525
31777 94883
26673 96430
88497 85346
63769 97823
82170 90579
61648 90394
2470 98849
62159 95053
85313 97520
39487 90553
45713 90433
68194 88982
80029 85514
63309 97518
10949 82703
76390 88558
97680 94464
7819 97781
88546 97886
64107 96043
66732 93192
58258 98824
59801 83981
79138 84179
93681 87684
43497 95753
92506 96760
82707 95909
50708 83164
91325 96099
80848 97003
24690 91008
81828 97892
7020 83700
37987 84079
35562 84457
55374 95079
57267 97060
75582 84930
40885 86110
77277 87994
96854 83532
32386 88352
91350 90728
94045 90265
65947 93093
36477 96166
79168 98718
26737 91072
85246 92912
94488 88133
54287 85545
21238 85397
76839 88510
86854 85892
87732 86188
71860 86475
99141 87402
56487 91987
16072 92993
38215 88116
96267 98211
67200 97684
6985 86091
16909 99622
11485 97198
29073 97208
79987 95118
74996 93956
95083 82873
26116 99510
76749 91312
48052 99002
96231 87520
88228 97151
34870 84762
44866 85265
46524 93523
12913 89664
40064 87231
68466 88985
14677 84972
89316 97596
82985 89154
97058 96318
2769 91933
60509 92142
24570 96970
16131 99738
63533 90429
45174 99047
73928 90280
92636 82983
9942 89685
53265 85231
33309 85210
31628 92740
90611 98175
89576 83550
37661 92590
380 98425
71418 88352
54362 93139
4434 92166
11398 98242
17875 89249
51931 94490
37393 90291
35972 90664
4401 87294
99463 97715
73156 92417
85246 96692
21027 97171
6408 91151
56831 84702
48171 94905
95207 87039
35815 85569
46315 90716
647 95657
74624 94323
81334 97715
20144 95062
30145 97535
25617 86820
51858 94311
4277 88848
76586 83947
61115 99681
67415 89533
16744 97466
57337 95413
92080 99812
68436 92865
92865 84260
98397 91997
42507 85993
80978 88896
4406 83929
43103 98713
45152 96208
89327 84304
70188 92926
4913 95258
48627 84720
47776 93228
29102 87248
87803 85509
77533 91480
76577 89001
61197 99259
23993 98068
93114 90231
7628 98613
95094 85072
62360 99168
49183 97030
72875 92769
13363 84352
59014 84965
75243 91817
3793 96162
83287 86866
29302 94358
99092 98318
90570 93485
40961 93035
48434 91759
32624 98976
81569 86607
4942 83365
79859 96296
53776 93980
80392 84189
13013 87027
23728 94175
8888 98323
99177 83030
78365 85214
16783 89706
79809 85664
15517 82616
58765 90024
88346 92184
9809 82966
13998 97009
66798 95405
32496 97589
77737 86624
6152 89912
70265 88797
65413 91003
31191 97692
10764 91319
86486 87065
10671 83788
85659 98195
75945 97561
58804 85780
34851 99036
95689 88257
24060 87622
28202 85556
2405 97508
91817 93401
38243 89268
5706 96614
65176 86588
94551 89789
83666 87436
62911 87551
20855 94326
11606 96534
44300 88645
55653 84311
28377 99928
79508 89084
76585 90422
41966 92996
36961 99423
66750 87263
2240 93344
5926 96803
37518 92944
75034 83940
94812 94386
21714 98679
25851 93511
1094 86659
25902 91074
71764 95515
50544 88129
95602 86769
54320 90089
8549 94452
64571 99806
61388 94793
6007 84125
43729 98646
52662 89853
33638 90360
72770 99814
84555 95128
30136 94110
25346 88931
28884 97224
69287 85738
6372 84839
20558 89387
66831 94387
86512 94524
37338 90568
39250 97370
15270 98991
61459 93459
89407 88965
98807 90667
29543 88035
16153 93301
60121 94330
59188 86241
28772 86730
80195 90964
70518 85409
32644 95420
30631 94947
30408 98576
14368 98991
12289 94317
37586 83199
91389 84327
21069 85371
72204 83558
62504 86027
1924 85395
92519 89192
20326 96128
72085 96603
28708 82613
57253 86484
70971 88506
89715 94204
79527 82567
53462 99330
15060 98725
78922 95338
45294 89876
73302 97772
6409 98741
94319 93849
42991 89237
27492 84533
99052 89010
37542 83422
13708 90824
24278 84111
85595 86710
79668 82586
52269 97824
54958 90028
23392 93568
28131 89004
88314 96030
38855 85888
14000 94990
10128 92181
49598 95054
12897 91185
41539 92649
81832 89605
10957 83936
84077 86732
96251 85321
60666 94217
23436 98753
25564 91217
49374 83455
61026 92807
62976 86709
24344 96376
77242 97590
79522 88356
54137 97908
70415 83295
72933 92413
50936 89463
65110 85117
9478 83797
17675 95132
47779 95308
84257 82714
32066 87171
61662 99801
19932 92071
48605 87223
47554 94945
28496 95840
7021 89053
56279 97610
68045 84913
94362 92090
99585 97220
51149 93210
13691 99121
52200 99111
69270 93870
70823 87632
80787 96694
49800 87733
63048 92769
74700 98814
81111 87563
61036 84248
96059 94023
25206 96374
26277 82978
52889 85861
47919 93780
66961 84698
2506 96347
96649 84717
33721 83556
56629 97869
61086 90492
68817 85427
40849 99380
7336 94882
43192 85245
9738 91850
15395 89250
87773 90022
83394 84623
40697 90962
18570 98263
90545 92978
65365 87182
69997 86464
83781 95261
29794 82806
73081 86229
75798 94007
12998 84857
39692 98213
29695 85588
5799 94233
21210 88205
82290 88910
31982 82745
78515 97577
66228 86332
52920 93351
64246 82571
64915 86170
12827 89494
36596 91022
45378 97867
23658 98867
19346 84981
59460 92955
77094 98317
9865 86549
30742 90962
99863 84627
71505 98569
50935 94314
80103 97984
85487 93832
67755 90063
48542 95390
91958 84600
10624 89486
5850 91067
12946 83685
89968 93843
76347 84996
10489 97477
77946 84104
50632 86347
60995 92777
51600 93489
4512 90488
47637 83063
25842 91238
7298 91115
5420 96206
8493 87906
42027 98866
13704 96287
63101 86913
92279 95754
99968 87777
50672 85493
13296 88556
11929 95214
46080 88142
69769 88420
62129 82693
76958 85861
81023 89202
9907 86223
82086 88457
66404 84592
32736 98559
7393 98366
77698 88299
4331 94268
81408 96724
21075 93324
11263 99657
28436 95932
80455 89261
80001 84595
21961 91079
40416 95963
34560 84066
89019 92672
47544 84750
85930 85700
64776 86030
42374 86342
15969 98743
80795 97154
82644 88397
71330 84441
43786 97644
17290 85630
34135 90878
48902 89611
83070 83683
62258 96427
5398 88489
89945 87601
79381 98749
57965 89023
9167 91660
73935 88336
23325 96481
43670 84494
6438 86369
24704 96245
41320 91706
28125 94079
28932 96781
72137 88738
52282 93812
94119 93151
21683 88513
38661 96428
85803 88004
70655 90150
3979 93934
37056 97348
24380 86908
15939 88199
23597 82856
40420 96578
82604 95754
88418 85597
84487 85092
54280 84900
91201 83445
59110 86876
58325 82863
87385 89240
61060 95724
22363 92978
12460 90290
24919 89979
44730 90217
5826 91310
90464 92997
27777 83175
79122 91408
8365 82885
92314 94683
46063 97166
3319 93117
48167 87508
65059 84878
8293 87980
83262 92399
9400 95348
66683 96649
98583 90257
15071 86825
22001 85557
55629 97814
37760 84605
49507 84065
28304 91882
80988 98487
45835 84918
20573 84314
90472 84777
42873 83804
6256 87892
42809 92988
98452 87700
12816 82856
16151 91380
82829 96137
24696 84064
36513 91213
43203 99201
32322 89061
48064 96140
65991 98745
77308 90767
76130 90071
62632 83538
98728 91126
11090 93344
3630 88735
48427 95389
68429 98302
75689 84501
34442 95813
56377 95421
7121 98383
84130 99920
2497 84629
75484 96451
97070 82773
94735 83650
3157 98821
36438 94614
90815 92159
47816 86840
22991 88794
74266 85087
30053 83192
33277 86287
63192 86263
47503 86279
47381 95869
52248 90234
87492 95253
78527 91405
8456 91481
46162 88554
15145 98380
21988 99647
61037 97681
84031 84922
53500 95443
98164 88089
55857 83712
33038 92621
46922 89267
28780 84082
56052 95743
54658 86939
93097 94084
7910 97659
56804 92374
27933 88218
4062 95022
95775 97154
95494 83237
48094 93747
18070 93771
57904 96333
70812 94163
8870 88740
98876 82881
54620 84826
7530 90597
1913 98916
95735 92822
88221 96093
50676 84907
24032 98750
9966 92503
91060 96771
32968 87449
83505 86738
38929 97059
17112 88795
69876 97108
22193 98336
43518 96504
31079 89739
34086 84726
19641 88252
69966 92758
65897 99787
7299 96435
32973 94968
22900 95608
31296 90678
39420 94552
81726 93826
76969 94641
44521 95589
71462 90556
56992 83432
39106 99797
56309 83755
9879 91479
90926 90402
83089 95710
85998 88255
26926 87767
2842 83057
74010 83075
55536 88017
84995 99515
81877 86292
77941 85766
70515 86846
76057 87285
34013 99508
39783 99328
13770 96560
66578 83659
42755 85355
85609 89655
80923 96914
56179 90409
17680 95552
50542 83544
27086 94707
26615 88861
75777 85454
28589 98213
9753 91703
71521 97056
37907 93985
58658 90864
93839 85587
3531 90972
54191 97547
34674 93492
92794 88902
91745 91884
44741 87342
47609 90502
74550 89579
21077 89255
71089 86596
81543 87103
85188 84243
66442 85655
58559 87095
32082 86770
86291 94091
97839 95341
68104 95877
61224 98115
3042 91455
36384 84096
22053 97208
48369 99665
78079 89656
27266 93369
17475 86644
88218 84861
93967 85343
7273 94736
47922 99907
25278 93900
81103 89192
81698 85611
2288 83689
80252 87724
75230 91662
36588 96859
71752 98736
14980 93398
89205 88124
2922 92945
97293 95692
48182 88722
95257 97254
20811 91536
90106 91839
10368 97528
69334 87158
58568 90964
94524 95002
41072 99103
66403 87148
61692 98683
60465 84412
97300 89651
92012 92005
16596 88396
24319 83463
90548 99689
22239 91452
4314 90936
60444 99456
82003 85942
33933 91692
82316 91403
32219 90159
5360 90352
23366 99114
76937 92198
13518 99852
87800 93113
15401 92600
355 88030
60862 94520
87952 92540
62906 88492
88519 85940
67330 91263
88461 96636
71463 87152
62894 89775
81680 89146
84937 89886
65370 94163
98389 84882
30519 97137
53759 95940
54643 91102
71022 88023
45158 86058
73379 94847
27875 86375
33193 93361
95462 88746
91020 88291
6661 92454
10601 96764
31076 92261
87694 85509
65303 84151
47964 87824
40594 90064
77493 93050
7340 93389
12106 88059
84563 85739
72914 82985
12221 87272
35006 97317
92924 99391
38143 85599
73458 94779
68009 86892
67961 95776
28733 93853
31571 93724
7341 91770
15544 83333
17033 92196
95981 85026
66625 85540
36830 91597
98373 90535
9791 89159
48927 85808
67393 87686
6749 87260
50883 85280
33798 97885
60137 99978
72828 99890
43382 82854
53455 97115
47791 89065
85371 85266
56301 98524
66849 97245
1607 98817
95734 88722
95697 96135
61016 97663
73205 93686
99518 98521
31484 86048
46346 90662
39620 91866
69988 98473
49656 96271
93272 97649
74871 85552
49997 97639
68471 86413
26899 84683
85206 89871
1112 95969
83372 92951
86011 99805
46481 93212
80338 99625
4948 95820
75298 86350
28387 93037
63759 96372
16717 90274
2200 88703
8843 98585
93077 87297
55465 90133
5831 85464
51817 94860
94738 96177
72013 95024
1654 95746
76566 84850
56501 86003
98363 87515
52786 98127
35799 86405
91872 85142
93301 95618
73403 88986
73252 96634
37736 97011
85620 99416
52505 85659
42558 83850
8714 82645
76918 99401
59606 84936
43703 84221
30272 86021
88134 84849
92307 95138
80507 86813
69657 93194
38825 98022
19054 87081
40609 93252
75471 86763
93069 94983
95239 83433
6350 90157
94211 90608
92173 96243
8220 96223
57276 91012
68593 88003
41123 86367
22584 89569
23005 89830
40334 85649
28651 89321
26147 87104
82019 98117
52267 90853
85393 86572
19168 86631
27405 96175
71654 90935
21973 98109
34864 84338
74040 98322
19253 91090
23464 95520
30956 90105
24208 88721
15302 98334
92383 92320
26246 99462
23039 91241
51018 97939
3096 86017
55144 92259
90458 98044
47074 86684
62278 98142
14587 92997
90313 96253
95519 91644
49918 96995
90761 93386
55671 83959
43397 96284
82460 96886
99549 97752
87370 92050
32701 86072
36713 98507
62321 94456
19281 84283
75983 92786
508 93666
78900 82803
65300 85236
6576 83008
61523 99946
44387 91280
55181 83450
46401 91191
92024 84870
27389 88455
40082 88338
59215 94030
17174 88572
45829 87814
8739 97284
74489 84497
92723 93121
64192 83291
44583 92992
70277 87532
1143 87865
13937 87759
74685 97788
283 98275
74560 96138
51833 94049
91931 97846
59151 83283
33590 96232
87584 97335
65035 98327
79004 83692
77061 95378
19114 84179
8307 94140
24890 90898
16966 84639
47907 85444
64312 87431
80707 86675
83404 93788
88901 91510
63840 85216
92565 83979
55148 86431
2281 98582
3441 90965
87809 95975
44768 90475
13125 92312
26784 82551
12765 88976
1280 85399
34086 83301
77939 97251
91521 89086
89299 86077
44253 97178
9173 94129
62221 96033
24376 85697
2970 96569
57250 94218
48530 88737
96808 91805
66714 86933
69715 91756
28198 95231
73746 88490
65951 93907
12719 87712
6563 93404
74359 87339
60196 96316
61564 82829
6486 95870
41384 90760
81632 93991
86161 91338
99376 87744
34921 82724
60817 93103
26135 84845
27431 98920
94318 88690
56905 94707
62961 88428
24842 98946
66135 99505
69620 94743
65228 82758
33889 99688
45656 99893
59025 83718
77115 94489
53876 88716
63238 91145
90862 88640
57229 97344
50012 88866
41617 85941
54558 91843
14147 98345
21073 96158
17138 82990
71477 94676
4544 95541
91820 83418
21568 82843
74421 99353
69233 99453
61734 97976
72341 93543
39245 86581
68764 86019
78925 87721
42476 88226
13127 97208
75522 91016
40858 99263
94314 87427
98559 89847
92414 92152
58960 92692
42288 89672
70382 88124
21533 90235
59694 91209
95134 86639
28534 94525
22596 91427
12722 92653
63723 92390
80371 85502
85425 96913
36069 96922
32715 95821
88929 92531
89607 88459
55960 94832
76172 91849
22733 97909
67518 83094
89221 91660
94352 99512
42312 92179
95263 90742
10201 98615
51116 83203
41695 99969
75250 83266
19507 98797
1726 89492
76795 96041
48635 85064
55004 88705
33474 84425
58280 87292
3425 99843
68353 90371
34034 98151
97269 99030
7337 82766
74743 84990
15062 94546
2491 97582
44714 91081
5992 98214
54057 84622
71342 88438
56850 99571
54737 87999
69903 98485
32643 92265
71245 88730
10470 95771
53091 89499
45297 83642
15668 93710
64014 91086
14468 99374
33468 96091
21029 95718
82873 83536
75464 99969
52583 97559
7903 95377
39228 82793
26480 85725
53500 93877
83195 83129
80671 86760
13332 82879
63885 90756
27617 89890
66909 83397
3021 89419
62511 83702
86744 89780
72921 85629
38742 93668
40865 95579
78694 82568
44494 83852
74883 85753
33944 87737
79701 88028
11986 84324
32967 97385
91911 84976
38145 84783
39115 87601
31117 98883
34398 99155
70644 85035
80848 99562
39729 95291
53719 84138
60759 85567
95836 82574
36362 97479
91818 93882
92298 86127
37508 99801
37517 96301
69168 98663
40600 88999
12254 85357
80512 83349
94739 88711
743 89719
8972 85853
80027 97289
5826 94615
30744 94393
21222 90743
53355 93056
16698 86360
2304 87539
62910 99600
14614 91931
49244 84199
81191 90147
1437 83444
38218 86550
11455 84454
26014 85274
68143 82757
65422 89919
48214 94892
36920 93304
38587 92639
24944 98262
62996 90034
96567 95350
922 85841
47661 87638
13406 94452
88068 92527
84215 97414
86121 90747
89507 90675
87711 92009
65340 95528
42760 87560
1011 92511
11320 98736
11632 92843
707 94641
86148 98792
45663 87930
26976 98940
82372 88607
4793 88758
90620 85868
81317 93368
73885 86743
86337 88169
36011 87627
93934 91692
61508 86317
19907 86886
84276 97692
29480 97394
56957 88419
89845 84000
19661 86671
24158 88741
29275 83592
86953 94839
69869 97014
69969 83526
91054 89500
5972 91291
97462 95448
29255 84529
45549 83243
3561 90798
63468 98357
2756 95110
97833 96220
71473 87337
89907 98441
99285 99468
42729 82937
29243 94759
80782 94462
48977 99141
41706 85419
2472 96027
63256 93986
13076 93340
42424 89628
95926 91707
3965 93809
61656 97174
76083 84439
40263 89004
33472 82815
22964 94737
33939 98950
63377 93484
88806 90065
74323 82636
62973 85121
57402 88698
11068 88363
85049 94037
1699 82858
60348 93153
75227 85434
91762 96626
89189 98780
80817 91138
66042 86092
97026 83446
46069 88852
11437 89546
82606 86502
73207 99747
82897 92207
75711 89649
47394 93689
12678 88847
77973 98806
89002 93264
58792 99117
91426 91624
83938 82817
14599 98197
27484 97339
1404 99641
63015 95460
70363 83465
88224 88726
94716 98562
24701 94800
28720 82669
65552 83592
29512 83506
23107 89605
62928 97825
79729 96341
11654 83213
43365 88230
85622 84159
87324 91677
80253 87214
73205 86294
22041 98892
81948 88278
53673 98725
98665 95080
91493 95085
62382 96013
74549 86385
22727 85869
36481 96109
46066 91190
51821 97903
40723 98534
28157 88979
69332 98934
12548 88683
92848 92306
92459 84228
22815 85793
75628 94702
20175 90962
38801 89754
93175 96063
84870 93946
88847 85042
68719 95746
74401 83547
4365 88644
52927 91877
94306 95601
83493 87215
36739 90287
79669 98800
91283 90052
77605 92493
52264 85309
61565 95779
58112 85798
20940 93804
91424 85757
3911 83364
76972 94219
73602 84728
21469 82552
15622 86496
84820 83682
47919 98575
97344 85994
49296 94300
94642 83465
229 85879
15741 98251
57640 90424
58709 97979
10068 89900
84041 95603
4971 99846
80207 84122
35231 99021
22852 95333
13155 99457
45893 84007
54703 89523
932 89561
4582 94309
15969 89693
66160 92600
2486 83163
82008 93326
1489 93918
29961 87759
26151 95120
61243 97513
77288 92119
31435 85364
94876 86667
28564 88702
83328 89763
46586 97356
38457 91343
60358 84498
22423 89499
54484 90213
51980 93752
28557 86818
34089 83084
61544 95483
45590 89887
49993 98248
91372 86019
37986 91073
84954 97219
86325 85669
20903 98110
26858 86922
27944 90011
39286 97511
13732 95742
56407 96024
36013 84393
2244 89488
11232 96249
82030 96859
1906 88148
98237 83507
40099 83938
56192 86559
22040 93001
8939 93540
68349 98674
34980 94339
67949 92394
74763 93289
91584 85594
82827 94102
36145 83531
28509 96912
25174 99785
54863 90451
93485 87355
90734 93970
9754 85923
5150 96946
71384 96118
34597 91500
72684 90152
31005 84926
18397 85512
15566 97567
33972 82890
31419 89205
23977 88118
52909 91575
43790 84074
29412 83408
54109 94906
80716 84916
94831 93585
48664 86453
31208 89035
40288 97937
37787 89729
53488 98220
47395 94990
43231 87159
30232 94216
41393 98205
32142 91769
43974 83585
92861 98112
66599 83550
82291 82672
85346 83591
16298 99382
35445 82608
13721 97165
99162 86958
77439 96012
79982 96666
86198 99915
49873 95833
9508 96485
65661 96777
14838 85072
8046 95421
14025 87219
22343 85291
64957 83305
26421 83086
55152 98399
7856 96684
54763 82624
39610 89829
69797 96373
28939 90137
28247 99725
86516 83187
43478 83956
44677 87340
31053 94836
58481 84086
22123 94791
79527 98764
22457 99206
20574 89348
35862 85654
66842 93172
17363 83067
36754 84085
5797 87815
22356 86850
61968 86735
83826 95066
19229 91919
86501 86629
74821 98186
27367 96774
89157 87623
74107 85321
39649 86811
7074 95588
84396 90396
79103 90484
60906 95716
4347 87633
53888 87541
16765 82720
90905 93816
29154 91722
81346 85181
21460 96219
65237 95599
28127 95058
58011 91254
36856 85703
17160 94456
53941 98200
59970 98086
31259 84575
43174 94033
36688 88305
6553 92559
84271 88978
9944 85206
98630 96255
74382 87949
30010 83394
8026 88517
80005 82595
56028 93865
87687 95763
77810 97646
73331 93098
32678 89172
62734 93834
11581 96007
94237 87487
90812 90941
9667 87832
63344 91210
77263 94916
5283 93351
73660 96420
44843 88274
88120 92066
5652 84521
17393 84074
37297 82844
99454 95214
86543 87156
73294 85404
24294 86831
83992 99100
28215 90317
66371 99847
44198 84922
61610 97093
88008 89827
16496 88697
2539 94122
79519 91566
92556 97409
30339 95884
98037 83014
61664 90853
24937 96711
23432 88955
50080 84784
50244 99530
9110 92583
69606 86307
82935 87836
28283 91167
74974 83577
96378 97195
10356 83434
41089 99378
28597 90313
90675 99143
22759 87371
93061 94709
456 94941
48812 96629
59116 89247
85201 84997
36933 88703
79283 91679
28781 83099
29640 88023
38448 95527
782 96229
93284 97769
31178 87128
52993 84577
96470 89178
45049 97423
32661 94095
46494 90813
49841 91287
64375 84148
76704 86922
58532 87627
7127 98257
43554 83115
79230 86083
23614 98400
84306 87553
98152 94853
59960 95571
13155 97345
66067 90577
95121 87611
32106 93300
85986 88590
60975 97010
25434 90168
64586 94389
53337 87143
29823 88503
17346 83124
43589 85466
87725 98704
54335 98409
61937 90033
11870 99748
73047 85991
33842 89051
12472 90644
43485 96905
72904 86906
92748 92161
39674 84671
37965 87912
85018 99200
96377 86983
81266 84971
69526 93055
89715 97456
81347 98006
68412 83033
51051 85722
47317 91102
24622 90666
67858 83033
9875 98559
30429 84730
93225 88993
89421 89355
61461 85077
19054 84348
60549 97836
55066 91339
72970 89990
55615 90455
97656 94457
8484 82866
22881 98718
72119 97729
38142 91233
65152 89109
4900 88556
346 85927
42138 94936
9990 89550
36986 94365
86933 85499
42716 98083
53210 83310
27603 82992
85243 99716
72143 84778
18785 96918
18062 83965
63942 87393
80130 88882
99236 83937
34149 89408
4021 87870
52140 90521
37201 93146
10935 94437
91662 99692
90050 84130
38810 99995
55265 99559
79511 95504
4261 92946
96213 94094
99746 97272
60803 90284
90971 82676
68939 95172
74018 91155
99952 92401
63376 94665
77449 88298
45564 84107
27715 99534
38468 96159
11847 94689
88029 96109
56855 96991
72751 97480
14716 85113
58325 84180
30920 92832
74446 91000
97868 95761
58281 95161
15386 86566
22574 93715
37340 90235
55522 96732
98349 82778
9389 97244
96112 95816
31077 94716
24183 96780
78916 90866
46678 84782
50290 86171
28047 83116
11299 84655
62255 87655
73644 86489
13200 91891
61566 87473
34656 99295
3923 99233
12992 84846
29637 89074
57284 96134
76788 82900
97279 90223
72634 87996
47301 91138
44660 86904
45065 93073
87619 94762
62828 88816
83372 93467
8065 86460
95304 84782
64538 98832
7321 90769
51577 95911
32764 97973
30172 90667
30911 90336
31323 98007
32538 85918
47708 84364
65739 86162
86492 95641
28347 86181
4723 94773
15842 85124
40429 92707
36209 84058
6981 97969
66243 90267
85493 97748
85680 87279
85843 85186
7314 92744
43190 94428
81743 89510
1480 82936
59315 87991
19507 83339
14673 87085
27174 84679
23034 94955
63739 86310
15232 89847
41291 94587
20445 87070
41376 84593
88244 88125
41415 89984
23251 90581
2522 90229
9461 94035
39739 93607
48245 89589
81281 99052
34605 86901
7145 87729
96102 91766
78762 96261
2637 92063
47695 96046
29050 94069
45260 82818
39981 99137
47893 86987
52957 88190
26658 90700
82394 89811
94710 92240
29403 98770
83178 87326
16765 84496
42083 96664
25906 96560
87966 97797
65227 98902
83308 95973
78568 95188
79733 85311
41204 91269
2610 91686
13949 88538
1117 83216
7115 86742
7500 93377
83847 90754
10117 88558
27454 95226
69094 97378
37404 84201
26980 98461
97992 83991
43583 98219
55024 91333
91512 85408
95009 86577
34001 82903
73541 89796
37748 94188
32620 88534
18037 99527
81872 91838
53855 94379
74028 88995
11034 90638
60837 84472
82815 91923
72366 95999
1652 86480
55447 92156
70143 90795
481 85809
16967 82847
59191 93526
95064 89861
89571 86309
3617 93731
42513 92803
88886 98652
3293 83054
30868 85108
23320 92252
37438 98076
66519 92115
38619 99095
80020 92999
12976 93941
24941 93407
43240 83210
22327 90855
75053 92416
41379 95038
9772 83891
87044 88205
84293 93117
51831 97243
27010 86444
49398 95523
75898 96755
26052 84251
68959 83125
98092 98072
87841 88627
72305 96205
51658 96076
87810 86858
69941 83728
85625 93978
21175 87410
97352 91286
10919 86831
64195 96129
77573 97514
13951 97782
33870 94802
76694 90922
91773 93067
76559 90121
28440 83762
89267 84941
84049 82795
40818 88073
93917 96548
24101 87048
90669 95527
22051 96741
55827 89625
96060 87205
90337 93180
751 97683
70123 90107
20622 86487
25764 95279
7923 96079
71335 89469
73622 84251
63438 93943
92373 87071
18862 98911
96992 94151
13670 89483
65907 99561
68532 97260
86528 91527
14361 89412
52934 96115
17803 90372
46264 84111
59685 91422
38122 83058
7653 93072
16587 84950
5881 97511
95766 84476
86036 84997
58389 91861
57346 92053
54109 93565
98671 83974
8399 99384
19886 82767
72322 94117
83286 91557
51132 85156
89610 99485
11891 82713
46573 89875
25767 91965
35739 88022
30510 85135
9653 98381
93985 93759
69461 92944
94546 89669
84334 97341
6774 92905
89694 97483
88274 89911
39261 99398
80445 92011
33462 93234
66804 82982
13475 84954
33032 93484
97260 93941
27409 96002
5590 92437
65109 96901
51440 94638
24093 84711
41795 85656
63540 88994
84246 89883
71996 93181
29303 93434
39165 90308
97419 95023
61366 98687
23663 92947
85990 88784
93928 83826
24022 94154
92839 85361
82789 95434
85816 91903
62923 87798
47664 91222
14248 93294
10744 87121
30531 96296
17581 90864
10662 83510
71894 94606
41887 88850
13270 84948
34246 95952
78821 97182
39335 97994
23317 91820
70291 84739
42394 91079
69655 82552
33667 94567
40179 87325
1541 88761
82121 93644
72439 97987
32436 96736
20866 87965
42981 92017
34671 86288
84034 88738
95821 96763
27893 89551
51255 97156
32994 98799
47046 91250
81709 99880
58300 93574
55219 98895
68461 93056
3320 93297
73368 98191
8656 91944
46911 94217
49476 95221
61215 84781
1055 89497
85216 97867
32139 89568
90650 83649
94774 99745
62991 89719
5089 99147
34021 93305
15863 98022
6069 95729
51549 89824
72343 98836
96298 88052
56520 99255
32799 99120
79353 95135
58645 84658
66644 88470
98351 95048
83542 83395
61444 89376
74568 88147
59278 85051
80463 93846
83237 89054
37056 94741
39495 88756
69493 92063
90777 84274
98624 82708
609 96685
21210 94249
55292 90667
26589 87633
43646 96167
73277 99543
45851 82944
9574 88915
30653 93392
87876 95322
96289 93711
35326 94720
29098 88180
34776 99182
87080 96209
52898 99950
32164 82744
18265 90569
94847 83654
14560 83617
49400 88643
78247 87280
55099 90686
64577 89192
59321 97788
15520 85499
25051 95642
10173 96921
71545 90304
56638 82992
20995 97084
27645 90064
73246 90630
46840 88018
47531 98872
37621 89831
93382 98277
95714 93539
9198 89841
54650 95758
92975 94833
55114 94193
74277 93876
68941 95032
67637 97189
76771 98800
62623 90466
3273 90764
52880 84866
47465 84496
15221 87411
71397 94224
53001 97842
16091 92096
60568 93195
36741 86969
23026 92548
38581 98759
56247 90805
77823 96909
85020 87169
80174 90275
78666 85014
42990 93253
40079 94706
36475 91349
67268 98012
10519 92157
47788 98033
49268 96836
75755 86148
43096 93314
7281 87969
10475 90076
20513 84731
6115 99098
21099 95465
19198 98445
33427 93769
20580 95656
61537 84504
49326 96141
57987 91740
51655 87714
99153 84618
92763 96302
14730 97169
81781 95390
58384 88638
84012 99742
96770 87589
71177 90677
10015 90826
85887 94957
74408 95627
95181 85933
50574 91414
29860 90547
13914 99628
83687 89610
31961 97953
8871 88607
55140 83548
22351 92406
37013 89923
48648 90666
11934 89372
36840 98689
65423 88361
55596 87117
83966 96779
554 99326
83275 93053
75386 99104
41623 86016
46667 92370
25165 84247
27184 84645
84600 93497
54813 94943
13998 93253
50042 94015
39243 98835
83558 90744
66768 96037
30294 83012
95853 96121
47642 98532
48065 85078
92956 86596
76319 96145
19212 94379
56810 89917
58241 98794
3994 83619
81527 87364
25402 91799
41212 86632
59213 98964
63801 86016
96165 94542
62286 93627
88905 96773
65005 95551
35172 86540
49357 82866
14146 96018
16952 85443
94671 88312
16957 99538
27017 93635
27387 83348
5505 98559
5600 87742
32329 83999
27022 84803
38875 86445
82964 88717
41497 88577
58154 89566
78297 91979
83751 87977
80691 89628
51010 95492
71503 91989
26143 89993
24765 95435
47132 92086
55717 97491
57005 89238
48886 86411
69672 89293
9912 83845
12352 86205
8552 98002
5639 99369
41969 89235
86079 87457
30519 88826
25629 83044
54529 98590
45019 90747
10525 97819
65146 96402
12640 91425
255 97698
9301 88132
66232 84882
96866 90861
37592 87976
94072 97881
47554 84227
1593 84403
51323 91787
15573 95134
86541 85202
39117 97330
8876 84096
32232 97813
77865 89801
87058 85350
85456 91986
67373 97404
2680 95362
80737 92770
39225 83090
52084 85992
70022 82911
90597 99417
60989 88438
58213 84206
64469 96260
45839 98389
14756 98426
93659 85965
1758 84661
26927 94855
83335 85054
53504 83654
81605 98511
12254 99264
89859 83306
4284 94720
18078 86236
25816 95180
8216 96959
97865 87705
9029 97267
1736 99379
72430 89925
70070 82836
56053 90746
74191 93310
96376 95418
78018 82791
77297 95591
92706 82935
69483 94684
64363 92330
31592 92953
27464 88756
99003 90707
83963 88315
36318 86560
67573 96134
59255 89690
21875 85043
24783 99806
61012 92127
49990 94684
4376 93020
58826 84786
94865 91674
49118 84336
21473 88077
83229 83986
96664 87691
41656 99549
43632 86591
62300 95976
48559 87101
32545 94673
9382 84456
86491 83840
5197 99617
26882 88062
98004 97526
59197 86826
70202 90063
58190 95794
83683 83254
14536 90678
16509 90332
76304 91231
63127 84618
10182 91509
36520 94939
37734 97720
93141 86957
43831 87084
34666 97401
49854 91276
54033 91965
60376 88657
25407 89600
19401 86443
9178 86251
17591 98333
16183 90172
18055 88263
63303 96215
43142 92670
46313 92675
7888 97254
39488 86019
38898 99703
61438 96564
8111 86965
48188 93366
32148 86687
86376 82952
4250 83657
19027 97065
76002 90858
9431 83938
4741 83349
53952 89970
15817 88344
33823 88145
99415 90255
40076 98771
94585 92863
7977 85798
69682 86940
27491 92508
94269 98409
62390 96031
91719 91648
89703 92867
73354 97962
96157 83469
78185 92603
46820 98947
32758 91204
98818 87855
86425 97790
96405 92022
57443 96234
73616 90475
45918 97662
25486 86168
68020 94612
23719 98332
86354 88091
99705 98357
86252 90566
25380 95610
63954 92351
7578 84128
53240 91896
17785 89437
88601 98703
57507 97324
12245 87958
2811 91378
92615 92581
14057 83280
50932 96563
62006 85793
79991 95346
11916 84755
81642 98358
76306 83723
86542 83357
40978 85658
70054 97694
46901 97580
23053 97255
63009 93665
52449 89082
24893 84319
71203 97446
59029 94816
9044 89412
60355 95766
15710 89268
71303 98146
63758 89988
22562 96231
39350 96073
62184 91827
62223 99074
56386 99425
29701 95625
12270 92576
18129 87071
45467 88627
28489 91801
45470 98066
51670 92364
36644 90887
62973 85697
72543 92532
85467 87043
54228 83232
3912 88239
39417 93659
87596 85050
59312 83808
14023 90517
3383 96286
56069 96039
7375 94639
56414 93862
87996 85339
68355 84942
53198 99586
49648 86435
18568 84190
67512 90111
53303 90002
53265 94923
7611 92758
84421 88816
91085 89532
46505 87088
97707 87510
65903 94849
99386 91719
97471 96648
59553 84668
72866 95838
15392 93649
43983 93539
7602 91958
49048 83271
99770 83264
21386 88959
1667 94352
43833 89827
3296 99726
12019 89300
27412 96962
53180 98154
97556 86244
52516 85449
66038 92686
17037 91067
58245 91130
1444 87482
82648 93293
36422 88243
57615 94546
9271 90782
24939 83247
60753 93158
51670 88228
26790 83572
19766 92951
81560 97864
9199 84914
44723 84255
16632 87305
41278 94091
93884 95175
59236 85070
5624 85950
64657 93886
62179 98623
39833 86017
75753 84710
94916 90664
11479 95799
98472 87022
31601 85781
82539 92790
95465 86782
50489 83902
47016 97645
81676 94819
83963 88034
36316 94587
34580 93232
98995 85166
4740 97251
76385 83157
26843 91215
95065 97727
29319 93973
27417 85222
87284 89823
24736 86476
83924 89654
96229 83144
55936 97671
50745 87151
16773 83495
10082 87960
48050 88964
71255 99978
27688 98071
82693 98424
58728 91567
4710 87791
47964 82803
9589 96137
70360 89646
21547 82588
79284 92060
64266 92791
57275 93338
17058 99292
84728 84029
34010 87940
95753 99190
50521 95506
7558 96005
68751 95605
29626 88177
66502 91281
30953 97665
35578 87864
6533 92893
35707 97571
26943 91353
84466 97104
49335 98049
33199 94906
96872 86148
24527 98450
4921 86807
41712 86659
55997 93364
46945 97378
88548 88715
91786 84755
28025 93214
81458 93499
47486 85674
62769 91783
64550 97060
50790 93345
44654 89403
32542 90262
77505 86132
4636 93316
91036 98642
88105 90394
94460 87372
84410 98712
22837 86144
81868 90718
19398 85160
39098 96066
51539 96969
14417 85098
36029 88032
81215 82647
15877 99614
4562 92881
30037 92427
36858 85123
4380 83112
39593 93426
45636 86247
81509 95795
68633 98659
55698 98601
13060 93861
88154 85223
99948 89346
78698 93784
73688 95408
47508 92538
35537 97191
1735 90516
28573 90843
46759 94064
42311 87226
55734 97376
23358 89547
84544 90355
28487 82688
28586 90881
80540 99857
13164 85199
14595 87060
28966 83002
77025 94933
65428 83420
99453 97090
58773 90446
79927 95381
50854 86570
58763 98969
89168 93396
38988 98747
78169 88031
73691 94108
72242 87011
3815 96824
47187 94898
68967 95952
13845 92210
76437 85832
74441 92525
16832 98376
12160 97321
39250 92578
1362 96436
46050 91439
45521 88610
13133 94672
87284 96300
96223 83347
58028 95287
98337 86662
42295 83887
84596 96339
3030 91104
7797 95570
415 83263
6002 94836
37938 85160
35526 84232
62693 96951
39130 92119
90647 91882
50232 93976
81888 99103
86350 93775
89717 97879
7195 99340
70780 93168
20880 93964
85775 94159
86863 85882
2759 91840
46530 97661
3687 85844
7625 93988
73459 94082
60155 83250
41051 89072
11594 84987
29358 85722
13968 88951
51573 85229
20158 83776
14745 98757
37132 96229
77538 85027
10327 84796
41330 99654
42768 89462
78526 97008
50925 97836
49011 99373
73934 85684
63393 85972
78097 92260
1573 99329
51157 86490
62879 90457
38364 84770
48874 96218
36567 94461
72877 87130
12134 96016
3048 83452
7199 99126
84161 97121
83433 87511
19586 86606
42933 89353
50797 98330
45329 94426
18598 85355
31244 96509
19154 96597
74594 99336
31072 89022
8428 90184
23839 83715
33869 92967
66453 87447
23531 95408
74633 87945
49187 87753
27601 88677
88966 91368
33230 85436
74442 92815
34763 98792
99619 97817
38027 85258
6581 91292
93180 86850
84483 92182
8580 91743
55827 99772
73157 84820
39676 83464
2056 82952
8513 86468
21136 83733
12996 95607
78652 92763
40202 96556
25529 91402
52354 85662
34798 89105
94363 97936
55629 93413
39887 91547
65158 94316
80280 95800
94323 85183
14922 96391
97498 98422
80370 84899
61795 88236
71833 97020
58297 91374
34318 92807
77815 86762
34570 94290
44936 88917
40394 83950
724 94916
66770 99497
20711 86224
10372 92251
88208 84414
30450 83747
14784 87168
43179 89663
37023 87945
66867 89877
13053 87586
93098 87889
73800 91546
71134 86028
81881 94878
78785 84492
8287 88007
63372 97563
11691 87768
55399 95668
5545 91662
81444 95904
2208 97115
16599 89916
44405 96669
45951 83244
81019 84914
67100 92578
83515 95779
858 89669
60580 98106
51548 89362
94600 95579
6053 86627
48003 91697
83559 93014
17919 83892
4563 99324
81207 93667
59401 95615
48745 94451
90440 87979
78805 93094
13758 86792
59948 90711
64373 88871
73060 90444
31263 85027
65055 98328
11025 89218
44257 93331
12438 93575
1300 91217
3768 98846
80584 89453
6012 98951
73726 85663
86892 98504
27222 92215
62185 95701
29718 85810
54751 98329
69166 91897
67500 98781
52444 97822
99446 98923
84444 89259
39597 97938
50356 90360
56376 87937
81176 83932
49866 95673
42664 95275
15450 96750
55518 88733
14755 98958
82364 84990
58121 89075
79991 92259
55011 97949
30045 89796
36551 97178
72470 88982
99338 86558
79027 94497
19875 90138
31268 86680
77102 92813
41521 90504
56259 97053
15083 83826
61844 92888
20006 88457
47119 86982
74814 86562
95498 89327
69998 82922
71934 92005
54868 92885
82679 89595
20400 98197
6592 92081
79524 83639
26618 87860
35589 84463
90992 84292
17365 82590
68968 90458
63760 95425
19215 90222
43562 85799
97214 98397
61355 99503
58372 95776
90226 88159
48686 88229
44195 98773
16506 95545
18712 93499
23839 97269
9168 94997
61729 95263
20004 88044
17459 91359
85141 84322
71846 82939
91961 93926
11542 90065
46131 86934
821 84865
25372 87217
31648 95793
19007 95270
47802 99397
47003 90239
52384 86844
74006 93588
64857 92506
15277 94187
60607 91518
23033 91450
21250 86561
20606 91472
98869 84295
45517 85811
61561 99212
60649 99027
32593 82592
70030 88710
74367 90406
12070 91242
34039 83333
48474 94662
21288 83493
23707 99795
3992 94070
35012 92413
31629 88712
69413 89435
46393 96198
10847 86241
65311 94495
44488 91508
44649 89875
78611 85677
34186 88612
56331 99632
19065 98979
75488 92417
2669 99598
86749 94852
50598 83990
76755 91247
19964 85775
10128 99897
65317 97273
25373 98740
61489 94662
41544 94898
66207 91864
41168 94220
71263 84418
67176 99969
81313 83609
55681 87133
15590 98403
39587 85769
1906 92582
67433 87340
32681 97943
56237 88439
23815 95139
96180 83790
22457 85690
36149 99237
23611 84683
29613 89161
73159 98364
16766 82886
93544 93413
69610 97257
87559 93227
85353 86788
28661 96380
11828 84482
75966 92430
89581 92926
56457 83160
51585 99570
70968 87002
74789 95234
90058 89227
25977 97315
40344 97233
5738 97148
7410 99917
39713 83747
28955 93776
24958 88600
96122 86144
27790 97402
6879 94608
20126 98189
37423 92155
41564 88489
82321 88154
30935 89807
49166 94087
80222 90860
67079 94448
99879 98224
11999 85713
54541 83643
71627 99344
60758 90327
64365 89222
80344 92022
46228 86733
30142 89822
49459 82795
83333 89435
49432 93455
83697 99419
93645 94471
31583 91693
45434 92608
26216 89093
99502 90950
27711 83350
52468 82575
36127 92329
50363 86134
45880 87389
27127 86243
216 89851
59389 95479
94380 93548
39101 85401
68022 96924
80122 98515
65514 97415
7598 84647
52044 84346
43709 84131
42035 94710
80910 91053
37109 98680
68754 89546
67252 90564
99948 87012
63424 86030
79838 84584
44108 95201
72746 93406
84129 88441
53830 84857
99124 96889
62349 98279
1621 93412
30033 85017
9458 96034
6687 84743
26634 88085
90209 95689
53579 82560
55510 99694
90973 84688
35590 95220
39977 83897
96983 97346
88175 92530
78585 90283
25416 94598
4643 96549
13773 97538
54526 87745
80361 90431
28762 94401
92632 89928
45731 92918
55516 85884
59881 89911
72489 92714
40079 99420
51544 99917
16121 89476
68044 92418
69137 82861
25704 96692
83690 83920
4653 85417
62662 96792
91558 97463
82039 93729
99857 91433
41213 99679
84482 87411
67169 84632
26651 92330
95394 99311
16134 91116
90493 99067
73710 86216
97769 96906
38022 82841
47813 83476
96849 98602
86680 88214
44815 87567
6604 85763
18683 98006
5385 96781
99564 91845
89156 83259
64924 88308
71599 90904
64449 92819
12964 83989
32504 92695
24955 85852
5624 96155
69321 89269
71889 99151
57376 98380
39654 85268
23623 97934
75824 93122
47979 89058
99202 96121
99752 95570
59237 85989
39062 88569
57531 98385
21208 94332
16888 89255
44955 98547
94108 93810
1503 83926
77421 91818
26321 86406
68074 88522
45728 93058
87932 94734
3083 85068
76627 94874
4269 92875
33091 95451
75129 93640
85144 85983
25065 97910
89895 87100
64499 89188
9403 98651
15755 97476
99195 83523
13136 96340
61999 88018
68837 89785
97219 82963
43105 91424
26112 89782
15354 96725
63706 88334
3048 85157
21923 99632
40328 83468
47783 94576
29046 98924
93344 92560
42970 90558
28585 88045
83866 99881
81733 93895
51264 84205
93184 86647
58464 88534
98531 92122
17279 91451
87702 88244
71322 94346
9647 83882
80865 84171
27825 83409
90957 95289
43203 97903
77775 97888
97555 91796
6911 90577
95502 97359
25891 96496
59403 87600
10092 85079
242 94309
9750 86379
22328 95309
43505 97676
30499 85205
18839 95457
89513 90078
34417 95786
76053 91468
57008 93064
8059 86898
20402 90001
14882 95937
28082 97009
60514 99931
92621 89491
90495 85705
84700 91202
31544 96037
76475 85668
12923 95242
17263 85300
89788 94818
44997 90379
51786 88734
54002 93428
194 98103
84537 84541
42461 97711
18717 88802
28395 99384
29469 83522
34362 88845
67275 98291
98546 98355
60950 94022
43885 97134
57411 86056
30458 97258
97146 96868
29342 89814
78975 84534
47314 93050
50851 94381
8970 85500
57350 89550
17033 88085
7880 92332
11067 97036
87693 85603
21983 85759
45158 88785
68149 92527
22395 98295
84101 91603
2234 96336
85414 90283
71086 94931
18351 85827
32015 84974
90711 99505
33972 91039
68762 89303
14854 87584
57257 89743
25085 93391
58595 87875
70646 90443
6956 98232
37679 96432
68271 84936
5830 92499
41189 91058
67292 92683
85568 98669
40990 87303
83758 83527
26072 91837
68310 91978
69827 94138
60914 94164
6118 96164
75918 97413
97785 85722
66677 98281
33953 82907
98592 84236
374 91949
51944 83447
3168 95251
21132 91275
59696 96721
85906 97616
59420 82757
18838 83632
21270 96235
65894 90747
71872 99578
64994 85621
33397 87006
40374 83245
35213 92536
51304 91742
88315 88822
1061 92220
2995 98182
75363 83750
2460 85109
66779 97142
83016 86790
92674 97617
77949 97967
81823 93733
26203 94771
18134 97221
58310 98613
51793 92477
60367 84374
1226 85092
53777 87357
12757 87860
6477 93445
41961 90336
70646 93590
86810 90170
19991 87722
97632 95921
30615 91795
64118 85842
92028 94195
92433 95215
67104 91546
79034 97687
48166 98944
35097 90754
81212 99560
92991 94079
83100 84066
83260 91723
90946 99136
52587 92717
55615 98582
75428 89881
30850 84520
64769 87744
94210 88817
41304 85652
63494 94798
27748 97686
3487 92845
32812 96207
79963 83859
51540 93138
56825 95685
39734 97246
98817 88065
42898 91123
2544 94939
63846 93858
66103 97547
87394 91845
46932 94308
98244 90166
49085 87394
97994 92752
73394 89952
85330 94459
21697 96612
4411 86002
85135 87722
61070 97477
92779 89922
40466 91145
96546 93777
58098 90014
62075 84855
95164 84468
40438 98184
56379 83514
89970 82778
78855 98705
38413 93637
26397 96105
4810 93015
50863 85379
27642 86518
35597 92234
93653 83476
40437 99060
68598 99643
94749 85776
60605 90154
85895 94363
70880 86712
83542 96697
5137 84662
89875 84233
32140 89408
56111 96159
99007 96199
54212 87629
49795 86210
30706 83659
17386 90434
34966 89370
13460 87676
39460 91364
82037 97976
44117 85959
45391 91446
3385 92642
91201 83716
67304 91223
2755 87364
67777 94002
76149 88642
63572 89443
31745 88868
48009 93472
24717 82887
71750 84996
36341 89717
87865 96252
36532 86522
91866 98796
63122 96265
4236 95203
1286 94324
71650 83968
75654 85152
51451 89175
69416 96483
18609 92046
47774 88521
93279 99217
12732 85653
60196 86449
30308 82595
3628 90847
27352 84670
17962 92964
31031 93197
99102 90820
433 84984
79965 85707
5556 92621
25319 93865
