34066 29021 34111 29021
2116
31442 66052
64475 32558
15964 82773
91881 33947
62462 34348
10525 83772
74173 76169
23326 43094
13329 69495
12323 70240
3240 84149
70710 61117
29123 92601
9488 81393
21895 62383
56737 83852
4617 79724
40457 54706
39917 66390
19635 65700
57632 35732
70449 83059
16202 37314
60775 35812
43026 52798
16004 95074
35853 71996
84999 59037
39510 38641
85101 36908
34030 77762
60326 41424
56579 77796
20076 68785
43447 53185
34964 43184
16468 30960
69921 40482
36269 30955
67975 66036
44373 33013
96977 61080
90835 65152
40674 86584
27211 75931
21842 75171
49177 88702
36450 66536
37093 79048
27367 43833
79980 54333
28927 67094
36884 30883
29237 35396
29985 86675
76538 54438
55056 69356
19177 82849
66295 38283
31167 33460
4291 48754
43495 29587
68241 76445
12537 60215
35813 53545
1583 41784
24104 84939
88047 66234
19890 97693
66100 53863
6799 39630
87653 32111
3817 40101
72060 87687
93874 45666
23093 37960
92689 54523
54140 83669
37782 67401
45658 67165
40801 93570
29647 76080
40473 48020
18230 60605
40809 31292
77269 70381
38251 58141
95438 62516
44526 90980
73726 71588
24071 51552
67455 63886
65541 65753
5918 44069
17487 32734
56875 75553
89724 55358
94671 33116
5806 47434
42152 59705
10930 38422
61888 53827
67415 71630
55556 73632
15348 46596
35541 29911
44435 89130
20108 51401
18435 35688
10719 73083
79888 33051
31439 84318
86213 34311
59800 37116
82600 78489
73567 58012
22528 59300
89233 75499
63602 62064
61062 51231
70515 86326
15044 93445
93637 56729
83001 29186
56698 97757
61585 34240
12617 67010
31503 64009
44596 74224
99243 99575
62510 68921
65286 64413
15334 30963
80884 98559
38165 61340
34003 73692
35938 35969
25033 46166
34121 40426
66828 72696
47057 46217
53005 45667
22353 34327
27841 38819
5198 49881
33850 84770
11906 95463
88137 55844
52586 53170
55249 88203
77849 36966
26988 59994
42844 78875
53856 65875
61636 55023
88767 29938
63253 57134
81846 34164
67905 83135
1217 50036
90594 42444
53777 92158
98757 54443
37044 71415
80653 83974
35475 40091
6027 57277
81944 94860
57380 76697
47654 52799
3935 68965
11819 32683
77262 47355
13233 51447
40704 34058
31757 35317
44208 66586
91500 78354
86156 97262
39354 84619
53816 42107
67594 29062
56813 94244
27145 34327
93886 80786
67438 54579
13258 58044
28309 73262
961 72026
79328 43203
28287 61169
91761 34776
34569 77284
85664 95191
31175 69538
92907 47351
71512 38951
37802 59560
63670 97461
84940 30555
42438 42921
92366 66136
6057 41400
83025 45694
48544 73355
81403 98871
75302 52788
98144 51048
30340 46582
64384 54147
31530 33311
99918 42504
78741 37858
14811 40951
55768 68640
35873 85688
41451 40513
68134 88604
11806 56036
72209 41191
85242 67007
51258 45297
8155 47670
38081 67656
73743 64747
52085 35372
89253 85878
94598 44240
68808 67369
83307 81048
4670 33484
9619 67801
25570 29593
24268 66716
31103 37495
43186 29495
53989 71933
4933 74058
33942 58437
80848 88182
29799 96929
33725 46202
97970 97130
86192 42267
89803 85067
84193 66905
10947 49463
75247 39345
5753 75877
1655 47541
87107 82520
53239 47972
7435 69086
35466 99915
63456 41576
23414 76305
9146 33574
1058 37300
9585 83609
84416 54168
19172 30148
60248 96065
48197 67092
96233 98224
66625 60070
75853 50931
9028 53122
98120 74801
12736 89787
25907 54231
59268 69953
11107 43479
42757 73485
81752 62947
39737 99509
17219 37961
45533 88974
32808 55580
80502 44328
38165 51175
42816 89577
2544 75702
50791 56670
8092 93812
99462 84133
97904 57023
42688 62850
18533 94189
74935 82017
89233 31086
15900 48780
56590 37486
3314 71143
95097 39804
79037 40805
36707 73914
69881 64226
3733 54219
65126 62866
76282 59264
25486 73166
85204 74657
15341 80667
53206 68635
48239 99772
43937 31289
55238 46545
79532 59398
4443 40090
9389 66703
35824 81351
13504 79510
40980 93186
7986 32718
92063 32729
72091 82838
98440 84423
43407 31320
25049 83346
40795 99602
57557 46953
32674 63743
70314 74831
25382 32626
18514 48036
32594 37129
67833 93853
47864 95213
36645 36681
72319 43133
71455 72441
6182 61840
77567 62540
14007 57206
25895 78609
43322 87959
7375 68566
53226 69648
50852 46224
14107 33713
32117 41715
60232 89511
60204 75020
91630 94009
99716 39749
51582 38099
51096 31447
44907 94748
579 99144
98175 36474
62906 41607
90960 62920
16505 59132
1662 88327
84445 80875
40808 57795
78866 94793
92567 36441
36996 60029
88459 75735
86061 30605
3437 69254
289 44853
48394 57307
73154 96449
87241 84129
55878 39883
85485 99615
4882 93635
76156 84805
53126 54833
60386 34402
65317 88133
61096 92577
52034 66328
87539 68862
3786 90211
59610 77803
64271 97635
32120 99615
71753 77542
76756 60978
15747 41779
87352 44039
46550 89726
82287 40223
20995 85202
54618 95037
26955 46531
54856 96014
28372 70594
35176 47467
25095 90986
85275 51365
50383 93107
37321 57655
24339 77794
84782 72279
49771 57147
31156 97869
29896 50046
71337 48293
7613 53617
55005 72688
13029 36316
53027 39896
26680 79116
47840 56054
53972 95886
19867 59327
96543 67968
96953 34296
84531 77376
68936 81478
3378 50328
90044 81105
90296 76337
29877 68966
48628 39564
91001 81238
86805 93427
56147 48359
4766 35636
75902 74816
23261 33842
68249 43837
86298 99870
10861 48749
59811 36787
60299 63749
84186 52785
39165 68993
54151 58668
14932 94957
91731 47306
89523 46071
36479 86782
51375 84470
33153 71889
81852 98285
66038 55643
26272 97800
3945 52053
24147 86018
23001 38632
17684 62839
30265 91178
57418 66628
13600 72302
38580 45337
20282 97863
50160 72728
6773 29620
62318 52938
22592 95239
78906 62320
21614 93195
45122 67641
23308 53743
94423 98796
47784 60266
52193 73406
9125 59493
30381 47905
87156 51511
96218 79029
78864 81584
87860 35766
39350 68941
20996 64350
94380 66060
51467 46697
73706 38003
2003 51726
74770 32252
615 31618
49902 65716
99371 53560
72819 92365
42959 61349
50636 96569
63650 60081
91284 92494
17605 46992
83505 92401
67809 74938
47504 63495
81261 41790
36507 86877
6864 55487
30837 97288
87681 47099
97463 56729
49868 30180
96009 60141
92399 50154
14775 52926
87560 31038
54465 31164
96954 77680
24499 86374
83410 87236
54223 96117
74969 53924
38942 44656
13495 34593
49270 51219
71351 43063
97421 74871
22761 45662
40087 97019
56513 30984
4856 73406
7737 75057
91763 57968
5036 75197
51104 60185
42122 70847
38729 57691
28862 59573
88207 53608
5775 52579
30589 45710
90016 41235
2477 31972
19609 48986
85275 50794
65884 42363
47358 81208
75564 49798
75874 61932
81357 66556
37365 66126
53958 91301
11886 55636
99199 93727
45937 79594
43925 87568
30046 64207
6086 55691
27445 55785
68551 57274
9189 34680
65535 79023
35511 30492
80464 30774
13732 46612
77528 58912
80066 64874
53926 72544
30268 44801
28204 31378
39029 91498
2052 62691
71117 35061
35076 72883
7298 97788
6076 96109
11580 65684
4145 37868
20584 87625
88777 45489
15219 88504
80799 51836
95462 35521
37992 34753
66835 61051
94175 80137
87398 78192
57734 65291
15081 37223
84459 91102
83663 79826
42568 76237
6019 48685
39228 63948
15905 29829
37397 69254
26320 88061
16548 89351
15212 39552
19671 43589
87075 90531
68412 83369
40417 76011
86753 91303
38199 69703
52885 98179
79159 77219
45596 99982
23327 35609
28246 86887
70185 50504
12315 39897
35622 97543
76017 73276
3627 89492
79494 77097
77026 70356
48934 48836
40097 34007
5596 75100
94143 41733
83865 44036
66215 70748
52172 86428
15876 95151
16273 57753
45100 95559
34432 82651
70010 38769
62404 37768
46490 46791
17435 93277
66608 44298
22823 81548
51981 78099
35067 57382
18715 96928
62889 80438
35849 38574
60628 50074
65912 67004
60959 47992
43912 84036
41457 59100
17536 42222
93003 59327
7318 70078
75913 74615
48790 71912
6573 45218
66692 96901
60970 43053
28868 65405
42649 33763
25758 99067
72070 94909
39382 42349
26796 79149
8842 80333
26954 45677
73827 51408
89702 78966
78439 54003
79473 83628
14363 33048
91046 54512
74716 65776
15818 79248
37426 78548
3825 75154
55388 90619
51849 78499
43872 93783
59280 93377
46580 97873
62622 58875
47027 63187
91312 88043
29481 49352
55616 57204
26841 95907
38097 87767
18600 30605
7943 91752
82658 60745
61625 57280
8089 56361
35434 55904
84517 52906
69445 95006
39941 35651
92726 43194
39306 72106
77348 77977
21843 71704
86302 64687
30566 72969
42513 62099
82995 67570
86597 83224
4468 35739
27685 94426
20200 73191
97217 77282
80822 80030
14645 83239
1785 94971
62814 72210
80444 54931
58183 95201
2328 38598
20957 37046
83167 79739
27304 79796
90070 34379
71438 79434
71728 41976
27702 63214
96409 66332
18803 43197
76778 93623
76617 41218
32306 59951
43755 75966
95921 85196
96250 33695
86798 79577
87686 71452
5588 92097
53253 98734
27100 56953
24412 54334
61301 94254
29656 79159
82947 33505
93225 81319
69569 54640
2140 34346
57538 64564
82769 48862
90916 62036
71889 76390
71308 35876
78318 33875
37182 34245
32049 87189
24706 46712
24379 70179
2339 29376
70088 35435
38325 33220
58170 30928
47771 77987
26622 52073
23665 82798
7070 71933
75873 72921
17322 40128
83819 59861
71922 81718
70369 89332
42435 73872
91161 47970
68720 99165
7569 65377
5686 51707
80873 58513
63961 81406
73353 36560
19373 47936
41953 62225
87582 41058
32999 63845
54765 50277
94971 34886
54118 82752
854 83515
59132 95110
73239 42814
18095 57329
21731 54808
36584 79882
69330 70458
3777 37708
79880 84892
45251 29160
31856 58425
43008 96181
12968 98662
25598 73214
60341 84872
94527 78437
67331 52247
46500 38301
46139 55631
46487 94038
96249 90765
42687 65581
70029 41638
3017 68405
83952 52071
35749 96265
77202 94676
80383 82470
63439 90970
91057 78080
70129 30982
68665 58454
58159 38074
54113 29286
2340 58092
58676 41699
39981 60760
97678 97684
31268 36562
71141 39799
41356 98108
9213 53429
36237 94213
8347 62415
46495 97607
48161 73401
93994 35177
66681 33779
86747 70256
9880 92643
6679 75700
97596 57296
53296 98684
94786 45819
47489 50750
12258 70543
44527 53603
15238 90550
91046 33163
74647 55451
93121 83784
73713 79389
82561 82019
84441 52919
58791 63999
97311 43025
76602 88735
50867 94323
68945 68747
57726 80009
43050 57956
1021 53752
25864 78491
3629 65057
13019 86951
80048 89499
17522 93621
54707 42852
12998 89017
49211 57779
79129 94694
86054 94247
45460 44124
73234 84773
8014 78215
9775 91653
10901 32958
37348 56536
45796 57738
82517 34729
6108 84928
66284 29036
282 60451
20808 44837
91116 60809
89971 44541
51644 48170
99644 74293
46848 90679
58083 78956
55365 74235
58668 45110
51547 97891
79178 63004
24663 52096
19473 75737
70040 29947
7989 76679
20115 45840
70531 33577
54964 78861
38036 32802
23992 49170
68120 29139
43746 60070
78930 87487
74224 55347
71130 32789
87236 97294
5075 96385
84058 93357
47552 41727
63883 75016
51139 33248
23262 31963
46757 50522
63411 72203
78925 97606
63199 58979
66992 30011
89592 72917
49469 63691
20962 38472
24783 37602
31602 43578
15749 76228
44171 56556
33895 93498
85622 91228
59981 42268
79008 33271
66768 97711
75667 72625
60863 83424
86771 47194
69497 89762
93827 32531
11958 31394
47998 73704
37799 90632
3934 48085
76222 30307
77245 53347
91013 67963
20272 35444
46149 85619
65944 41847
40337 52550
71162 43120
10547 90133
31114 80852
25637 39989
98421 55229
54200 33691
63440 68189
35570 34098
47478 76510
55054 81059
41199 94688
24445 52925
12587 56970
4153 87529
4807 79699
51760 46935
49688 90181
66587 46177
22165 77050
21850 35884
42910 89812
74272 90321
36823 72035
28314 58017
99766 86339
90659 83274
54275 65285
15184 94785
68065 63830
4260 65280
10421 85845
40407 72564
56013 33650
16980 33710
53502 75138
64230 45975
30190 97657
36233 64414
93860 85631
41225 60537
47171 47035
48196 63810
93325 33971
47480 44020
14718 91478
91456 33761
17791 51306
8339 67639
44238 86231
80146 40568
83205 63784
91741 46061
90709 83185
82162 54354
28174 84951
50573 58442
4688 31419
5792 44361
72535 80022
42286 58068
46644 50527
44759 47971
23385 37996
87228 91206
84193 83675
82119 48253
70840 83991
24227 59592
12451 57214
55310 63389
83620 45494
24314 91292
91877 87249
47227 46995
47997 95628
5103 58968
18514 63413
76807 33647
95606 47982
348 82562
92377 86689
37628 79893
40623 41444
93752 30512
41759 37889
69842 59149
51686 35719
56939 29484
56851 96771
89041 91574
41355 51883
66774 96033
44425 31381
20606 51926
10446 33675
20226 57944
83944 99409
45214 44044
15897 96725
97225 78570
20424 63764
48438 69793
56970 74155
6997 61481
73238 47601
32378 30369
37498 49262
40982 98151
24702 32401
85613 56079
69187 75830
30003 81428
2550 86933
24841 32295
58249 91024
6155 39509
11686 67661
41866 30105
62327 68711
66250 68787
94081 38901
84625 90887
47669 49231
15882 37488
7178 80694
71563 77433
98722 65563
27484 49743
12580 86651
45159 49984
16661 74149
79724 66477
85040 44181
79451 66965
15461 90524
7426 73746
36696 70342
23014 30629
61417 91587
69134 47057
25 74705
29682 80889
28360 45888
79606 48029
45746 71676
28522 74166
16578 88842
86303 38925
22054 96866
82358 79457
88630 31337
45749 93716
50753 53994
87511 76815
44423 54365
40406 39968
83074 74032
48449 83484
45845 65773
72656 36307
13834 55977
96372 57943
64435 95305
79813 88489
95330 78864
49159 34598
24486 53593
43003 47734
39402 95192
70622 66304
85107 73177
88699 79963
88981 90346
15352 47761
2106 67150
63238 61026
44032 73449
35141 68250
49674 95065
6752 51810
14002 82487
99061 62773
488 47371
64039 31144
12626 41349
17954 91403
96421 44998
97194 93178
47799 70361
81070 55980
8737 67444
60219 70815
58716 86425
10781 66447
17238 97298
18860 80508
8603 97036
99551 89367
38915 70123
6767 43849
36811 61577
10891 54303
65011 87065
39050 98535
66392 95972
94412 94649
91795 98516
43935 94150
37666 31903
46633 83883
69459 29529
52323 59236
95564 85382
25112 90072
641 82845
37449 32650
89973 74126
27756 42365
75808 97070
97428 71055
31728 42642
75222 85493
68810 72650
52940 40279
16287 37342
53573 58683
77111 93853
89077 53786
65276 84809
55218 97892
41699 90335
95973 67574
37271 47624
96024 75188
57906 52597
36887 35270
39977 89060
58025 60924
33554 78320
83375 47223
36835 53502
76149 56905
24764 68248
21800 62169
34603 99582
60789 93913
9916 65134
121 49008
43109 80338
68396 82988
90344 39604
4480 34271
69150 49762
75792 48423
27061 55663
80465 98517
74485 87551
65631 45281
99271 50849
11244 68085
16461 39842
3911 83599
17132 73387
42467 40746
21922 96630
83614 31134
10809 39745
57243 48562
30718 82393
76887 62572
77513 80555
28417 30339
87923 72854
49759 50066
45268 87574
91300 35621
39067 36467
82833 96866
28338 61375
4341 57627
34773 88676
85259 34479
37114 35696
45868 96934
6064 48519
84413 69238
18563 52813
70133 36084
58539 31918
73053 71870
8014 37330
42898 36931
26878 90414
68651 33685
93927 61884
95278 60258
93601 32657
15433 77899
52606 34546
680 96556
11113 43124
59951 78182
97037 61171
99113 66645
95572 34704
33830 63809
35562 40371
26494 53144
66350 42819
19976 76437
84829 84851
34814 53808
3540 42352
98137 49658
8129 50134
37645 67733
39621 30851
81690 94575
98536 70155
21201 36347
6668 55461
5029 79193
20090 63917
41899 71599
43799 82147
62418 45813
77041 92960
62216 55528
92134 97739
75076 74584
2261 68698
71863 53635
31000 97635
68154 80158
63947 65361
86037 65382
60169 76131
10035 70080
6824 62057
15180 92120
22483 38990
37075 86696
85556 72881
48642 52467
82952 73734
24921 71045
72096 44054
12712 62199
56462 36595
81925 96301
22616 84943
61661 50015
2089 99080
71508 94068
2504 66894
20548 86646
81444 50810
43502 37797
20029 88582
84812 87037
21404 86331
41120 97921
75070 94497
7357 92270
99143 70805
71352 57801
28091 60294
68924 56569
67179 89312
31880 67204
94693 83991
37368 97923
43676 44007
54293 72316
71034 76916
80844 74275
16699 56958
67450 89203
73920 34736
74572 70701
83041 54293
14686 88694
63825 40889
45163 63364
81467 57463
64328 32321
78262 39909
14440 79900
84818 51336
52829 51389
75512 63257
88563 71471
259 94060
69798 30886
48817 36716
51205 95999
84978 96246
48899 40300
51634 54079
69234 77244
27792 92241
26419 56801
70003 99013
48625 64821
80044 85692
88727 81402
26995 45948
35575 70992
75793 93231
20892 91697
62576 57974
55524 74940
52815 32926
82083 56293
2662 76517
21211 56948
41761 60686
45926 75131
6739 29901
75510 56441
31359 71919
82143 80292
84874 46065
80798 67165
80776 85284
66172 29525
45089 66428
44205 74133
80424 92818
99548 85647
22966 29305
1777 89209
86977 84169
18454 90119
98621 94311
34146 43436
78117 98479
26660 92930
87114 83494
77832 96721
39316 87768
89575 82221
15060 38572
30986 64537
92748 55095
8464 86415
17650 78245
92485 40283
46871 84401
39234 42503
95392 91754
39259 78727
12614 45565
76288 98954
67821 73782
55799 56428
86290 51898
68866 46873
19529 33254
33171 31261
49530 83623
86808 96575
15268 45433
69555 85549
15247 57343
8351 74282
62923 61853
16492 85152
7409 66333
7174 63598
33865 55700
86581 82927
15879 88729
28540 98347
84348 74206
85636 88832
63894 52224
78111 30745
60455 95186
31199 37501
27399 94050
90081 83548
24913 48746
60092 70928
10753 43658
89434 48293
31218 54101
54297 94302
53335 40640
91689 74304
81311 77272
70398 69513
58073 42763
64531 35120
5563 75669
60931 65496
19571 78835
23322 80621
40184 91726
80508 75485
58141 45778
42 35280
19890 40131
2473 59094
70448 49617
62257 37988
53065 67462
77645 30095
96610 66698
62003 65225
98947 56292
29564 97592
22233 31342
13837 56133
70416 44693
46159 63591
47182 73144
77176 65843
47626 42522
78570 61702
9747 49591
74991 55478
73477 86571
1801 88671
89125 87111
87200 45559
92947 53637
28781 60604
6840 66635
62748 71719
57206 47080
54915 51206
4298 43915
46698 78525
29920 98761
45935 68598
57469 65493
10047 67519
80554 73711
47731 95819
22966 68239
53476 67964
92753 34652
77648 79860
6369 81208
99502 82354
68235 79192
45849 53180
39697 77922
26394 51003
24341 44021
30821 55161
75217 33314
23636 84858
74302 97931
11109 81740
12603 71262
87657 63443
12688 52597
31466 29915
51124 42197
92816 76996
19466 79696
49621 34462
21326 79461
20748 96836
7381 53791
86662 85170
3182 56189
42140 66047
1232 55730
56705 65706
63659 66036
27851 96927
52719 83130
92434 32877
37242 86302
94966 89678
73644 76130
40240 81004
40205 94884
67859 90016
79647 41104
27039 70408
35682 38357
19467 37560
42824 83526
75690 71377
93719 82530
22633 67170
68800 62370
6229 48586
4970 79727
84357 30498
14702 30393
82163 40706
45640 33882
36965 75947
23312 44884
54391 41198
86131 93387
46988 61672
78546 54382
28607 55763
49103 59356
81717 68483
10697 45229
7495 32879
46735 98727
17521 97323
40337 91596
48276 86964
44809 29743
73815 34865
61515 95737
51750 66422
85936 88394
71596 81796
33810 94599
35167 98165
32126 60250
70061 83555
74010 74539
46704 32214
88695 90351
81528 93195
7676 90142
6986 72056
78255 67655
98237 35105
17459 36929
74917 61440
70867 91617
14623 63698
48024 66941
56201 34011
80198 40071
22833 34194
89704 87378
19629 41926
78653 59284
77068 62132
80774 56914
94329 69002
27963 49995
2124 81126
71333 42688
15698 43306
52628 93111
63281 91859
8286 87008
80320 40464
76056 92802
69713 58536
89229 84288
46636 42990
81109 42730
7607 36157
27424 87383
80913 72245
10978 94792
77341 43913
61849 57835
51104 46624
13180 63251
76247 94021
33301 52641
26723 38311
61322 63149
62320 60542
4578 69715
39372 77201
60519 83405
63437 41155
64337 51599
25307 80199
72427 92061
34492 84508
97438 90552
94205 59391
60397 64395
55945 35645
97493 55361
64703 92563
31026 63393
73814 82255
95893 56483
37405 75338
52284 44696
38403 65662
19220 72505
11518 45429
50657 89326
22577 87002
66290 62358
49673 31088
63583 40350
52188 61417
54634 48853
1129 67727
16051 42809
5496 96681
25840 74564
24851 41044
33415 53624
33778 54346
12561 47960
25467 31911
86197 54642
64125 93759
19899 79176
39674 43767
32266 89421
92578 41106
60287 45081
23299 74651
78405 67275
34170 93310
44825 92613
1858 54228
39033 50771
40487 37432
2169 51740
58207 92697
76067 39164
35934 79484
95484 72459
93330 54040
7284 78822
12484 87285
32169 72605
61630 64347
82524 53952
88787 60036
84809 94138
41640 30581
14225 78716
87861 66236
72981 93338
77589 53546
32629 39838
82294 65357
41129 41521
65602 77296
67182 75677
82934 77932
79447 66129
86646 61652
8123 61107
30898 99723
15953 98409
91527 99639
75165 55398
81154 68755
76222 82023
80213 54627
11930 65300
97311 72105
21692 34528
71914 81484
87303 97057
25876 86995
54867 68338
39137 92561
32471 56094
20446 50116
29707 31532
53896 79070
4806 92515
29004 76757
26318 75815
29140 38406
49917 33237
40247 53355
17370 54103
26603 36620
1531 50300
37550 71333
52288 76137
24500 76511
63973 39187
63042 33137
15524 80763
98252 84206
78471 48400
92104 43779
84659 57846
77539 57015
53819 34642
33774 72871
79037 98647
43910 83139
81792 82504
7165 80229
18567 85330
86943 47488
76984 88510
44660 96743
95759 50694
71449 60354
87889 86560
15685 32567
45627 96933
46184 54797
73404 73407
74993 69813
24913 49234
87645 38223
48720 37201
63050 68414
79791 95261
92173 93236
2471 48839
35886 38657
70389 75057
25707 37579
25263 72822
23484 54924
24360 48460
10333 86170
51592 68214
64794 95182
40006 67502
64188 95389
47220 79493
48490 83729
11328 34541
32783 49024
27133 47471
51950 65648
22122 86563
68281 98553
86266 36171
87370 56737
76985 58004
14968 59843
6647 87202
46624 84966
31384 69149
47189 56456
63459 93315
40916 98610
83665 76957
42924 97638
53741 87452
71732 65197
34000 64786
26878 53712
30863 38121
86220 94150
21129 50055
22587 44328
94317 67939
18169 68628
11298 92043
65962 98079
75518 91224
18915 93831
75446 52850
58049 61159
74898 94509
81564 89250
35797 30909
59966 59017
88041 59259
24006 96680
56185 76676
97949 30562
21870 50981
36622 77868
78551 64971
41242 64808
1044 76616
90863 44127
19304 36773
31183 65576
84199 98193
21551 97425
34848 72185
37577 44253
61490 53376
60270 56017
54103 85379
50202 63461
54879 31351
95575 62728
93425 98139
14598 50642
90677 53747
61854 43772
55176 32215
26722 38062
65660 45043
6654 59448
48392 46972
47409 75880
74731 35532
87345 70959
77103 33946
14546 99994
77801 43440
96655 90158
97286 83984
43573 44939
21388 40892
22636 41831
280 37314
78696 61107
65373 53421
72695 58663
42016 53031
14712 84625
63786 39832
66588 74755
89738 35048
98784 62093
73320 69130
23080 87273
99085 50857
7346 90769
48102 60264
25201 93681
50094 43585
64303 40640
44021 71815
14590 41955
54133 84202
80407 41992
82471 91964
72619 75109
85646 61402
87371 87407
36275 94396
4917 89122
46925 48013
76450 84426
71484 86048
18604 43408
89772 62848
77667 83649
16361 50635
97893 45986
36869 46713
20815 39004
42236 93302
75617 76867
66708 53662
25616 89584
4224 34808
53755 54444
33220 45801
63621 65293
90032 89933
50098 42911
73488 53486
2075 45282
96599 41876
10197 29787
45511 54241
78934 86137
25434 44909
97219 50745
4186 97451
48287 93616
46775 53800
68164 51579
1700 83412
46922 43751
18790 34929
89164 67981
58935 59568
4399 71683
54611 93420
51149 57536
4272 82374
86275 42437
80160 56186
87972 61731
5538 38076
74163 98225
99027 56233
59555 69091
84845 48880
92291 51705
8060 77832
45126 77003
92826 55687
63402 44610
86413 63271
45160 34007
97880 33915
2446 36132
70932 29431
51417 52963
95079 38900
65492 78993
71759 58066
67937 65665
64568 59129
61504 96113
81688 35166
65497 97769
40383 38783
81587 59715
94183 86245
39109 89594
16056 87525
72459 67021
67014 93790
94532 44279
13529 82109
28255 86059
73540 88596
18092 57686
47606 97386
18937 70567
23973 42223
29560 99906
36837 79013
23885 60627
93004 60248
44145 71262
41690 63009
67836 53618
48198 94230
41350 73416
39889 66969
15790 87909
91376 81216
33695 34220
92908 52427
84518 40011
66130 78661
59166 94050
21162 72928
75298 36821
93629 88417
85964 60302
68526 69578
75643 62118
51284 75691
71529 89036
28478 83074
54496 69732
29198 94962
3007 54518
52504 54229
86309 67593
5803 41062
18545 39983
86539 58123
87658 55181
91751 55567
6184 46997
16991 67933
27711 72611
61222 35957
35602 48796
27985 82583
43531 92517
22607 72290
51682 50949
15450 49141
1668 33290
44269 55281
67306 92367
49866 87938
43089 40534
87035 74557
76265 36383
93648 35287
32948 58528
94799 92787
5197 98136
32078 85035
70006 77122
47099 34701
50040 36784
71984 32946
65680 80088
96601 74283
17880 31332
92842 99146
59020 31126
79151 67532
41765 57504
35566 48847
12431 65838
52472 50038
40239 83886
92051 40363
30290 33276
99028 51727
16090 69224
10904 32739
91438 92807
73601 95243
17218 34815
87827 53833
63334 36318
46612 91667
2622 88844
97545 59928
65742 39289
96433 74567
96577 49902
34407 37472
73755 37540
76445 88755
74959 97314
5465 74558
28184 41147
32347 49096
42690 80101
99252 63581
39305 56426
16489 41198
72241 84409
29504 91804
48548 70184
49923 64016
44508 83576
50929 39635
80375 98747
62979 45487
6089 30734
26625 72601
12806 82015
84407 80066
65023 75840
23368 93431
78840 59019
84461 70913
48170 86772
86646 84740
85340 37176
55720 34812
81884 94221
82913 82466
30404 52577
83122 61505
72789 81226
36884 40695
56893 94044
16310 93717
49326 90121
47534 30913
26280 35388
91188 51285
58515 42926
43059 87155
31771 76486
84337 55543
38237 85491
79744 82056
498 64891
99598 38442
1268 57462
73274 75749
54702 93638
97161 95117
74479 93730
58731 38425
34922 59046
58497 45456
50678 60523
3017 71866
63701 38101
19293 72376
75757 68997
35990 34700
44194 49703
62045 39263
7847 30710
1290 94042
50964 67178
57542 57062
83853 78580
22861 76427
38127 83468
77440 94388
4826 85561
74653 31921
57896 97938
25066 43801
27350 45262
57055 74545
48205 61895
13136 86108
92194 86143
66275 33440
72107 49815
85162 48146
23671 72283
15132 39202
75829 30587
33503 57009
56979 52477
33787 35829
93847 83015
